,日期,股票代码,开盘价,收盘价,最高价,最低价,成交量,成交金额,振幅,涨跌幅,涨跌额,换手率
0,1999-06-11,000925SZ,23.2,29.07,30.8,23.2,220262,645473152.0,92.68,254.51,20.87,73.42
1,1999-06-14,000925SZ,29.1,29.48,31.05,28.51,48705,144290064.0,8.74,1.41,0.41,16.24
2,1999-06-15,000925SZ,29.68,29.83,32.0,29.5,49143,150351872.0,8.48,1.19,0.35,16.38
3,1999-06-16,000925SZ,30.71,32.84,32.84,30.51,19416,62405176.0,7.81,10.09,3.01,6.47
4,1999-06-17,000925SZ,36.12,36.12,36.12,36.12,13530,48870900.0,0.0,9.99,3.28,4.51
5,1999-06-18,000925SZ,39.5,38.6,39.73,37.2,95217,365811840.0,7.0,6.87,2.48,31.74
6,1999-06-21,000925SZ,39.0,37.95,39.6,37.71,29310,113261560.0,4.9,-1.68,-0.65,9.77
7,1999-06-22,000925SZ,37.87,39.11,39.28,37.75,23589,90884648.0,4.03,3.06,1.16,7.86
8,1999-06-23,000925SZ,39.5,39.47,41.19,37.91,36043,140948736.0,8.39,0.92,0.36,12.01
9,1999-06-24,000925SZ,38.8,41.7,42.51,38.0,51379,205822896.0,11.43,5.65,2.23,17.13
10,1999-06-25,000925SZ,41.79,39.05,44.44,38.51,52215,219738160.0,14.22,-6.35,-2.65,17.41
11,1999-06-28,000925SZ,39.5,41.88,41.98,39.5,41361,169849424.0,6.35,7.25,2.83,13.79
12,1999-06-29,000925SZ,42.5,40.88,43.0,39.63,43496,177613120.0,8.05,-2.39,-1.0,14.5
13,1999-06-30,000925SZ,40.87,37.94,40.9,37.0,30582,118871576.0,9.54,-7.19,-2.94,10.19
14,1999-07-01,000925SZ,37.5,34.15,37.5,34.15,25279,89192024.0,8.83,-9.99,-3.79,8.43
15,1999-07-02,000925SZ,34.9,35.39,36.28,32.88,15721,54795244.0,9.96,3.63,1.24,5.24
16,1999-07-05,000925SZ,35.8,35.25,36.5,34.8,10367,36772724.0,4.8,-0.4,-0.14,3.46
17,1999-07-06,000925SZ,34.98,34.98,35.9,34.31,7816,27524270.0,4.51,-0.77,-0.27,2.61
18,1999-07-07,000925SZ,35.0,36.41,36.8,35.0,11249,40556056.0,5.15,4.09,1.43,3.75
19,1999-07-08,000925SZ,36.6,36.2,37.18,36.0,12725,46727968.0,3.24,-0.58,-0.21,4.24
20,1999-07-09,000925SZ,36.2,35.56,36.2,35.0,6724,23880976.0,3.31,-1.77,-0.64,2.24
21,1999-07-12,000925SZ,35.5,32.8,35.5,32.0,11856,40034572.0,9.84,-7.76,-2.76,3.95
22,1999-07-13,000925SZ,32.1,32.56,33.5,31.4,6843,22056342.0,6.4,-0.73,-0.24,2.28
23,1999-07-14,000925SZ,33.0,32.8,33.5,32.25,5076,16658487.0,3.84,0.74,0.24,1.69
24,1999-07-15,000925SZ,33.0,32.98,33.65,32.49,7070,23479228.0,3.54,0.55,0.18,2.36
25,1999-07-16,000925SZ,32.85,32.1,32.85,32.0,6412,20661930.0,2.58,-2.67,-0.88,2.14
26,1999-07-19,000925SZ,31.4,30.5,31.85,30.41,7663,23747850.0,4.49,-4.98,-1.6,2.55
27,1999-07-20,000925SZ,30.5,33.55,33.55,30.5,12131,39313616.0,10.0,10.0,3.05,4.04
28,1999-07-21,000925SZ,33.88,34.31,35.88,33.2,16533,57269536.0,7.99,2.27,0.76,5.51
29,1999-07-22,000925SZ,33.99,31.97,33.99,31.82,8345,27191606.0,6.32,-6.82,-2.34,2.78
30,1999-07-23,000925SZ,31.98,32.85,34.0,31.98,6242,20707390.0,6.32,2.75,0.88,2.08
31,1999-07-26,000925SZ,32.88,32.52,33.38,32.0,3542,11576202.0,4.2,-1.0,-0.33,1.18
32,1999-07-27,000925SZ,32.48,32.3,33.0,32.15,2714,8801715.0,2.61,-0.68,-0.22,0.9
33,1999-07-28,000925SZ,32.9,32.86,33.8,32.2,4249,14095576.0,4.95,1.73,0.56,1.42
34,1999-07-29,000925SZ,33.5,34.72,35.0,32.88,12701,43424784.0,6.45,5.66,1.86,4.23
35,1999-07-30,000925SZ,34.75,34.73,35.18,34.0,6482,22461404.0,3.4,0.03,0.01,2.16
36,1999-08-02,000925SZ,35.0,34.16,35.05,33.91,5054,17403256.0,3.28,-1.64,-0.57,1.68
37,1999-08-03,000925SZ,34.16,33.7,34.4,33.52,3488,11759293.0,2.58,-1.35,-0.46,1.16
38,1999-08-04,000925SZ,33.68,33.9,34.5,33.4,3623,12342628.0,3.26,0.59,0.2,1.21
39,1999-08-05,000925SZ,34.0,33.32,34.2,33.2,3391,11352531.0,2.95,-1.71,-0.58,1.13
40,1999-08-06,000925SZ,33.3,33.52,33.8,32.65,4790,15766483.0,3.45,0.6,0.2,1.6
41,1999-08-09,000925SZ,33.26,32.43,33.27,32.41,3802,12430488.0,2.57,-3.25,-1.09,1.27
42,1999-08-10,000925SZ,32.1,31.88,32.39,31.6,3101,9927029.0,2.44,-1.7,-0.55,1.03
43,1999-08-11,000925SZ,31.5,31.56,32.3,31.5,2873,9106511.0,2.51,-1.0,-0.32,0.96
44,1999-08-12,000925SZ,31.6,31.75,32.38,31.56,1890,6029555.5,2.6,0.6,0.19,0.63
45,1999-08-13,000925SZ,32.3,31.98,32.3,31.8,1188,3811024.25,1.57,0.72,0.23,0.4
46,1999-08-16,000925SZ,32.0,30.81,32.0,30.65,2432,7536244.0,4.22,-3.66,-1.17,0.81
47,1999-08-17,000925SZ,28.0,27.88,30.0,27.82,12841,36878412.0,7.08,-9.51,-2.93,4.28
48,1999-08-18,000925SZ,27.6,28.31,28.5,27.5,7110,19973624.0,3.59,1.54,0.43,2.37
49,1999-08-19,000925SZ,28.5,30.11,30.5,28.5,6667,19814254.0,7.06,6.36,1.8,2.22
50,1999-08-20,000925SZ,30.5,29.61,30.5,29.28,4611,13755143.0,4.05,-1.66,-0.5,1.54
51,1999-08-23,000925SZ,29.65,29.0,29.8,28.86,4062,11839115.0,3.17,-2.06,-0.61,1.35
52,1999-08-24,000925SZ,29.67,29.9,30.99,29.57,4240,12818319.0,4.9,3.1,0.9,1.41
53,1999-08-25,000925SZ,30.0,29.38,30.3,29.3,2898,8609995.0,3.34,-1.74,-0.52,0.97
54,1999-08-26,000925SZ,29.35,29.97,30.12,29.35,1293,3865421.75,2.62,2.01,0.59,0.43
55,1999-08-27,000925SZ,30.1,29.98,30.3,29.9,1740,5223673.0,1.33,0.03,0.01,0.58
56,1999-08-30,000925SZ,29.99,30.24,30.68,29.4,2730,8245122.0,4.27,0.87,0.26,0.91
57,1999-08-31,000925SZ,30.4,30.3,30.5,30.11,1594,4829654.0,1.29,0.2,0.06,0.53
58,1999-09-01,000925SZ,30.3,29.6,30.3,29.55,1727,5149704.0,2.48,-2.31,-0.7,0.58
59,1999-09-02,000925SZ,29.6,30.2,30.4,29.33,2815,8388910.0,3.61,2.03,0.6,0.94
60,1999-09-03,000925SZ,30.2,30.65,31.58,29.9,5843,18101764.0,5.56,1.49,0.45,1.95
61,1999-09-06,000925SZ,30.68,31.06,31.38,30.53,2277,7068545.5,2.77,1.34,0.41,0.76
62,1999-09-07,000925SZ,31.0,31.29,31.88,31.0,3009,9469703.0,2.83,0.74,0.23,1.0
63,1999-09-08,000925SZ,31.01,31.1,31.49,31.01,1893,5924988.0,1.53,-0.61,-0.19,0.63
64,1999-09-09,000925SZ,31.68,34.21,34.21,31.6,11062,37307728.0,8.39,10.0,3.11,3.69
65,1999-09-10,000925SZ,35.5,34.85,36.98,34.31,24853,88611072.0,7.8,1.87,0.64,8.28
66,1999-09-13,000925SZ,34.8,34.49,35.2,34.2,5322,18368134.0,2.87,-1.03,-0.36,1.77
67,1999-09-14,000925SZ,34.65,34.57,35.08,34.3,3671,12757191.0,2.26,0.23,0.08,1.22
68,1999-09-15,000925SZ,34.65,34.13,35.18,34.01,2884,9976740.0,3.38,-1.27,-0.44,0.96
69,1999-09-16,000925SZ,34.15,33.1,34.25,33.01,3974,13274491.0,3.63,-3.02,-1.03,1.32
70,1999-09-17,000925SZ,33.08,33.2,33.6,32.6,2325,7705920.5,3.02,0.3,0.1,0.78
71,1999-09-20,000925SZ,33.0,33.24,33.57,32.8,998,3316017.0,2.32,0.12,0.04,0.33
72,1999-09-21,000925SZ,33.38,33.48,33.6,33.2,861,2878061.5,1.2,0.72,0.24,0.29
73,1999-09-22,000925SZ,33.47,33.21,33.8,33.11,1150,3844060.0,2.06,-0.81,-0.27,0.38
74,1999-09-23,000925SZ,33.51,33.51,34.37,33.02,2167,7333294.5,4.07,0.9,0.3,0.72
75,1999-09-24,000925SZ,33.69,34.0,34.38,33.65,1625,5536187.0,2.18,1.46,0.49,0.54
76,1999-09-27,000925SZ,34.38,33.71,34.38,33.7,1399,4752085.0,2.0,-0.85,-0.29,0.47
77,1999-09-28,000925SZ,33.85,33.47,33.85,33.42,1132,3801562.5,1.28,-0.71,-0.24,0.38
78,1999-09-29,000925SZ,33.79,33.33,33.99,33.3,1308,4384184.5,2.06,-0.42,-0.14,0.44
79,1999-09-30,000925SZ,33.38,32.59,33.5,32.55,2101,6917922.5,2.85,-2.22,-0.74,0.7
80,1999-10-08,000925SZ,32.6,31.73,32.6,31.58,1800,5727318.5,3.13,-2.64,-0.86,0.6
81,1999-10-11,000925SZ,31.73,31.9,32.26,31.32,1254,4004567.5,2.96,0.54,0.17,0.42
82,1999-10-12,000925SZ,32.41,31.98,32.68,31.7,963,3090746.0,3.07,0.25,0.08,0.32
83,1999-10-13,000925SZ,32.1,31.26,32.1,31.06,1842,5811575.0,3.25,-2.25,-0.72,0.61
84,1999-10-14,000925SZ,31.11,31.2,31.86,31.02,975,3064107.0,2.69,-0.19,-0.06,0.33
85,1999-10-15,000925SZ,31.98,31.8,32.36,31.4,1294,4122247.0,3.08,1.92,0.6,0.43
86,1999-10-18,000925SZ,31.88,30.86,32.0,30.86,1761,5489165.0,3.58,-2.96,-0.94,0.59
87,1999-10-19,000925SZ,30.45,30.12,30.58,30.01,1942,5869042.5,1.85,-2.4,-0.74,0.65
88,1999-10-20,000925SZ,30.15,31.08,31.5,30.15,4242,13144580.0,4.48,3.19,0.96,1.41
89,1999-10-21,000925SZ,31.11,31.06,31.11,30.31,1259,3880335.5,2.57,-0.06,-0.02,0.42
90,1999-10-22,000925SZ,31.1,32.34,33.38,31.01,3989,12953108.0,7.63,4.12,1.28,1.33
91,1999-10-25,000925SZ,32.22,31.5,32.23,31.2,1572,4969299.5,3.18,-2.6,-0.84,0.52
92,1999-10-26,000925SZ,31.5,32.35,33.1,31.5,3282,10716764.0,5.08,2.7,0.85,1.09
93,1999-10-27,000925SZ,33.0,33.0,33.35,32.6,4556,15051248.0,2.32,2.01,0.65,1.52
94,1999-10-28,000925SZ,32.95,32.31,32.95,32.15,1586,5141276.5,2.42,-2.09,-0.69,0.53
95,1999-10-29,000925SZ,32.43,31.75,32.45,31.51,1525,4845961.0,2.91,-1.73,-0.56,0.51
96,1999-11-01,000925SZ,31.8,31.78,32.2,31.5,863,2741081.75,2.2,0.09,0.03,0.29
97,1999-11-02,000925SZ,31.78,32.26,32.58,31.78,1410,4534043.0,2.52,1.51,0.48,0.47
98,1999-11-03,000925SZ,32.56,32.74,32.98,32.06,1820,5908948.5,2.85,1.49,0.48,0.61
99,1999-11-04,000925SZ,32.74,31.85,33.66,31.7,4393,14430546.0,5.99,-2.72,-0.89,1.46
100,1999-11-05,000925SZ,31.8,31.48,32.1,31.48,1958,6208058.5,1.95,-1.16,-0.37,0.65
101,1999-11-08,000925SZ,31.4,31.0,31.8,30.98,2428,7605168.0,2.6,-1.52,-0.48,0.81
102,1999-11-09,000925SZ,31.0,30.72,31.3,30.69,2691,8324796.0,1.97,-0.9,-0.28,0.9
103,1999-11-10,000925SZ,30.7,31.37,31.49,30.16,2889,8789195.0,4.33,2.12,0.65,0.96
104,1999-11-11,000925SZ,31.0,30.8,31.3,30.55,889,2751858.0,2.39,-1.82,-0.57,0.3
105,1999-11-12,000925SZ,30.79,30.81,31.2,30.79,517,1600312.75,1.33,0.03,0.01,0.17
106,1999-11-15,000925SZ,30.74,30.87,31.3,30.74,994,3082856.25,1.82,0.19,0.06,0.33
107,1999-11-16,000925SZ,31.49,30.24,31.49,29.99,1605,4877922.0,4.86,-2.04,-0.63,0.54
108,1999-11-17,000925SZ,30.23,30.9,31.0,30.1,1366,4160491.0,2.98,2.18,0.66,0.46
109,1999-11-18,000925SZ,30.7,31.01,31.68,30.25,2796,8641580.0,4.63,0.36,0.11,0.93
110,1999-11-19,000925SZ,31.0,30.64,31.5,30.59,1358,4202951.5,2.93,-1.19,-0.37,0.45
111,1999-11-22,000925SZ,30.3,30.25,30.78,30.22,1666,5057761.0,1.83,-1.27,-0.39,0.56
112,1999-11-23,000925SZ,30.2,30.3,30.6,30.17,706,2139768.5,1.42,0.17,0.05,0.24
113,1999-11-24,000925SZ,30.28,30.37,30.5,30.2,434,1313692.5,0.99,0.23,0.07,0.14
114,1999-11-25,000925SZ,30.28,30.33,30.45,30.2,778,2358172.0,0.82,-0.13,-0.04,0.26
115,1999-11-26,000925SZ,30.33,30.31,30.45,30.3,578,1755651.38,0.49,-0.07,-0.02,0.19
116,1999-11-29,000925SZ,32.0,30.38,32.0,30.35,1116,3442540.0,5.44,0.23,0.07,0.37
117,1999-11-30,000925SZ,30.35,30.48,30.6,30.2,417,1266950.25,1.32,0.33,0.1,0.14
118,1999-12-01,000925SZ,30.5,30.55,31.1,30.25,833,2562047.25,2.79,0.23,0.07,0.28
119,1999-12-02,000925SZ,30.55,30.4,30.61,30.35,474,1444408.62,0.85,-0.49,-0.15,0.16
120,1999-12-03,000925SZ,31.79,30.7,31.79,30.3,656,2016585.0,4.9,0.99,0.3,0.22
121,1999-12-06,000925SZ,30.62,30.77,31.18,30.4,1592,4897376.5,2.54,0.23,0.07,0.53
122,1999-12-07,000925SZ,30.7,31.22,32.2,30.7,4126,13026036.0,4.87,1.46,0.45,1.38
123,1999-12-08,000925SZ,31.3,31.14,31.3,30.9,1203,3738934.0,1.28,-0.26,-0.08,0.4
124,1999-12-09,000925SZ,31.95,31.5,31.95,31.08,1384,4361142.5,2.79,1.16,0.36,0.46
125,1999-12-10,000925SZ,31.5,32.71,32.98,31.32,7756,25074018.0,5.27,3.84,1.21,2.59
126,1999-12-13,000925SZ,32.5,31.96,33.35,31.9,7494,24413208.0,4.43,-2.29,-0.75,2.5
127,1999-12-14,000925SZ,31.75,32.0,32.3,31.31,2098,6665117.0,3.1,0.13,0.04,0.7
128,1999-12-15,000925SZ,32.0,32.78,33.68,31.61,7799,25764714.0,6.47,2.44,0.78,2.6
129,1999-12-16,000925SZ,32.6,32.82,33.18,32.12,2177,7118596.0,3.23,0.12,0.04,0.73
130,1999-12-17,000925SZ,32.82,31.53,33.0,31.5,2698,8667247.0,4.57,-3.93,-1.29,0.9
131,1999-12-21,000925SZ,31.11,31.31,31.79,31.11,1663,5212598.5,2.16,-0.7,-0.22,0.55
132,1999-12-22,000925SZ,31.38,31.46,32.0,31.2,1403,4433610.0,2.56,0.48,0.15,0.47
133,1999-12-23,000925SZ,31.51,31.01,31.88,30.91,1373,4304667.5,3.08,-1.43,-0.45,0.46
134,1999-12-24,000925SZ,30.8,30.3,31.12,30.29,2449,7488590.0,2.68,-2.29,-0.71,0.82
135,1999-12-27,000925SZ,30.3,30.68,31.0,30.0,1400,4291655.5,3.3,1.25,0.38,0.47
136,1999-12-28,000925SZ,30.68,30.48,31.28,30.45,1910,5864276.0,2.71,-0.65,-0.2,0.64
137,1999-12-29,000925SZ,30.49,30.62,30.9,30.42,1300,3981630.0,1.57,0.46,0.14,0.43
138,1999-12-30,000925SZ,30.98,30.75,31.04,30.55,1118,3447332.5,1.6,0.42,0.13,0.37
139,2000-01-04,000925SZ,31.0,32.1,32.18,30.5,4705,14952260.0,5.46,4.39,1.35,1.57
140,2000-01-05,000925SZ,32.0,32.21,32.8,31.5,9020,29247590.0,4.05,0.34,0.11,3.01
141,2000-01-06,000925SZ,31.71,33.72,33.8,31.71,10104,33338658.0,6.49,4.69,1.51,3.37
142,2000-01-07,000925SZ,34.0,33.98,35.0,32.9,17663,60253684.0,6.23,0.77,0.26,5.89
143,2000-01-10,000925SZ,34.0,33.92,34.3,33.19,10832,36627100.0,3.27,-0.18,-0.06,3.61
144,2000-01-11,000925SZ,33.92,32.21,33.93,32.0,7368,24212870.0,5.69,-5.04,-1.71,2.46
145,2000-01-12,000925SZ,32.01,31.83,32.65,31.7,4110,13119594.0,2.95,-1.18,-0.38,1.37
146,2000-01-13,000925SZ,32.3,31.57,32.3,31.52,1699,5392608.5,2.45,-0.82,-0.26,0.57
147,2000-01-14,000925SZ,31.5,30.99,31.65,30.7,2295,7149689.5,3.01,-1.84,-0.58,0.77
148,2000-01-17,000925SZ,30.88,31.01,31.2,30.55,1530,4720033.5,2.1,0.06,0.02,0.51
149,2000-01-18,000925SZ,31.1,30.95,31.18,30.8,1751,5426887.0,1.23,-0.19,-0.06,0.58
150,2000-01-19,000925SZ,30.99,31.76,32.18,30.85,3090,9818241.0,4.3,2.62,0.81,1.03
151,2000-01-20,000925SZ,31.88,32.5,32.5,31.7,2999,9661733.0,2.52,2.33,0.74,1.0
152,2000-01-21,000925SZ,32.79,32.67,34.04,32.0,9835,32815736.0,6.28,0.52,0.17,3.28
153,2000-01-24,000925SZ,32.7,33.45,33.8,32.3,8161,27102952.0,4.59,2.39,0.78,2.72
154,2000-01-25,000925SZ,33.5,32.71,33.7,32.0,6290,20688708.0,5.08,-2.21,-0.74,2.1
155,2000-01-26,000925SZ,32.71,32.37,32.71,32.08,5397,17442204.0,1.93,-1.04,-0.34,1.8
156,2000-01-27,000925SZ,33.03,34.49,35.28,32.6,19015,65512916.0,8.28,6.55,2.12,6.34
157,2000-01-28,000925SZ,34.98,34.21,35.1,33.6,18392,63393264.0,4.35,-0.81,-0.28,6.13
158,2000-02-14,000925SZ,35.12,37.63,37.63,35.12,8512,31331164.0,7.34,10.0,3.42,2.84
159,2000-02-15,000925SZ,40.0,39.29,41.39,38.65,32596,133323824.0,7.28,4.41,1.66,10.87
160,2000-02-16,000925SZ,39.5,40.84,40.98,38.0,23017,91792064.0,7.58,3.95,1.55,7.67
161,2000-02-17,000925SZ,40.85,36.76,43.5,36.76,30893,120424624.0,16.5,-9.99,-4.08,10.3
162,2000-02-18,000925SZ,36.0,36.85,37.7,34.01,13059,46338664.0,10.04,0.24,0.09,4.35
163,2000-02-21,000925SZ,34.5,34.77,36.75,34.48,10771,38121772.0,6.16,-5.64,-2.08,3.59
164,2000-02-22,000925SZ,34.1,34.61,35.7,34.1,7550,26577828.0,4.6,-0.46,-0.16,2.52
165,2000-02-23,000925SZ,34.3,34.97,35.1,34.11,5244,18216044.0,2.86,1.04,0.36,1.75
166,2000-02-24,000925SZ,35.0,35.71,35.88,34.95,6144,21737070.0,2.66,2.12,0.74,2.05
167,2000-02-25,000925SZ,35.72,34.9,35.98,34.8,5624,19837062.0,3.3,-2.27,-0.81,1.87
168,2000-02-28,000925SZ,34.85,36.47,36.6,34.65,8869,31846080.0,5.59,4.5,1.57,2.96
169,2000-02-29,000925SZ,36.9,35.32,37.0,34.5,6641,23632488.0,6.85,-3.15,-1.15,2.21
170,2000-03-01,000925SZ,34.99,34.94,35.55,34.8,3091,10819776.0,2.12,-1.08,-0.38,1.03
171,2000-03-02,000925SZ,34.8,35.1,35.7,34.0,7668,26475968.0,4.87,0.46,0.16,2.56
172,2000-03-03,000925SZ,35.08,35.06,35.48,34.81,4195,14719605.0,1.91,-0.11,-0.04,1.4
173,2000-03-06,000925SZ,35.05,33.74,35.07,33.7,7083,24269872.0,3.91,-3.76,-1.32,2.36
174,2000-03-07,000925SZ,33.28,33.76,33.98,33.2,2888,9670723.0,2.31,0.06,0.02,0.96
175,2000-03-08,000925SZ,33.75,34.19,34.48,33.24,2750,9314241.0,3.67,1.27,0.43,0.92
176,2000-03-09,000925SZ,34.1,33.7,34.2,33.6,3438,11644896.0,1.75,-1.43,-0.49,1.15
177,2000-03-10,000925SZ,33.7,33.19,34.0,33.01,3310,11069099.0,2.94,-1.51,-0.51,1.1
178,2000-03-13,000925SZ,32.99,33.15,33.6,32.6,2636,8707413.0,3.01,-0.12,-0.04,0.88
179,2000-03-14,000925SZ,32.7,32.89,33.09,32.12,3598,11725958.0,2.93,-0.78,-0.26,1.2
180,2000-03-15,000925SZ,32.93,33.41,35.0,32.93,2488,8405009.0,6.29,1.58,0.52,0.83
181,2000-03-16,000925SZ,32.5,33.0,33.59,32.5,2404,7907442.0,3.26,-1.23,-0.41,0.8
182,2000-03-17,000925SZ,32.82,34.13,34.79,32.82,4633,15780720.0,5.97,3.42,1.13,1.54
183,2000-03-20,000925SZ,32.0,36.02,36.08,32.0,14068,49110280.0,11.95,5.54,1.89,4.69
184,2000-03-21,000925SZ,36.1,35.13,36.1,35.0,4458,15763722.0,3.05,-2.47,-0.89,1.49
185,2000-03-22,000925SZ,35.16,35.1,36.2,34.7,5382,19054664.0,4.27,-0.09,-0.03,1.79
186,2000-03-23,000925SZ,35.5,35.34,35.5,34.7,3701,12957953.0,2.28,0.68,0.24,1.23
187,2000-03-24,000925SZ,35.81,34.43,35.97,34.36,3226,11328579.0,4.56,-2.57,-0.91,1.08
188,2000-03-27,000925SZ,34.5,35.49,35.9,34.0,9721,34020500.0,5.52,3.08,1.06,3.24
189,2000-03-28,000925SZ,35.49,34.9,35.49,34.0,5834,20423744.0,4.2,-1.66,-0.59,1.94
190,2000-03-29,000925SZ,35.0,34.81,35.2,34.45,6364,22160452.0,2.15,-0.26,-0.09,2.12
191,2000-03-30,000925SZ,34.81,35.15,35.15,34.78,4834,16919406.0,1.06,0.98,0.34,1.61
192,2000-03-31,000925SZ,35.15,34.57,35.22,34.5,2580,8950327.0,2.05,-1.65,-0.58,0.86
193,2000-04-03,000925SZ,34.6,34.76,35.1,34.6,3004,10485487.0,1.45,0.55,0.19,1.0
194,2000-04-04,000925SZ,34.6,33.65,34.6,33.6,3984,13616997.0,2.88,-3.19,-1.11,1.33
195,2000-04-05,000925SZ,33.6,33.29,34.0,33.0,2774,9275555.0,2.97,-1.07,-0.36,0.92
196,2000-04-06,000925SZ,33.5,33.78,34.08,33.3,2141,7220979.5,2.34,1.47,0.49,0.71
197,2000-04-07,000925SZ,34.0,34.38,34.4,33.78,1875,6411535.0,1.84,1.78,0.6,0.63
198,2000-04-10,000925SZ,34.4,33.99,34.81,33.3,6273,21185894.0,4.39,-1.13,-0.39,2.09
199,2000-04-11,000925SZ,33.98,34.95,34.99,33.26,6027,20532606.0,5.09,2.82,0.96,2.01
200,2000-04-12,000925SZ,34.9,33.86,34.9,33.5,2558,8710497.0,4.01,-3.12,-1.09,0.85
201,2000-04-13,000925SZ,33.8,33.98,34.66,33.01,2033,6912152.5,4.87,0.35,0.12,0.68
202,2000-04-14,000925SZ,34.0,33.46,34.0,33.32,2732,9161954.0,2.0,-1.53,-0.52,0.91
203,2000-04-17,000925SZ,33.2,32.68,33.4,32.45,4548,14913777.0,2.84,-2.33,-0.78,1.52
204,2000-04-18,000925SZ,32.71,33.0,33.29,32.65,2215,7299881.5,1.96,0.98,0.32,0.74
205,2000-04-19,000925SZ,33.0,33.43,33.65,33.0,2101,7021291.0,1.97,1.3,0.43,0.7
206,2000-04-20,000925SZ,33.49,33.7,34.9,33.4,1874,6325606.5,4.49,0.81,0.27,0.62
207,2000-04-21,000925SZ,34.0,33.55,34.0,33.51,917,3099175.0,1.45,-0.45,-0.15,0.31
208,2000-04-24,000925SZ,33.5,33.01,33.5,32.88,2008,6626974.5,1.85,-1.61,-0.54,0.67
209,2000-04-25,000925SZ,33.0,33.05,33.47,31.51,1594,5249700.5,5.94,0.12,0.04,0.53
210,2000-04-26,000925SZ,33.1,33.28,33.6,33.1,1259,4204527.0,1.51,0.7,0.23,0.42
211,2000-04-27,000925SZ,33.38,33.52,33.98,33.26,2529,8528166.0,2.16,0.72,0.24,0.84
212,2000-04-28,000925SZ,33.4,34.89,34.99,33.4,8376,28944870.0,4.74,4.09,1.37,2.79
213,2000-05-08,000925SZ,35.0,34.28,35.47,34.1,3118,10800413.0,3.93,-1.75,-0.61,1.04
214,2000-05-10,000925SZ,32.51,33.0,33.45,32.2,2311,7639247.0,3.65,-3.73,-1.28,0.77
215,2000-05-11,000925SZ,32.9,32.95,33.3,32.8,2083,6894221.5,1.52,-0.15,-0.05,0.69
216,2000-05-12,000925SZ,33.0,33.1,33.97,33.0,1476,4908644.0,2.94,0.46,0.15,0.49
217,2000-05-15,000925SZ,33.3,32.92,33.3,32.5,2616,8565898.0,2.42,-0.54,-0.18,0.87
218,2000-05-16,000925SZ,33.24,33.2,33.62,32.63,992,3297534.25,3.01,0.85,0.28,0.33
219,2000-05-17,000925SZ,33.4,33.0,33.54,33.0,816,2722849.5,1.63,-0.6,-0.2,0.27
220,2000-05-18,000925SZ,33.01,33.52,33.57,33.0,1408,4710822.0,1.73,1.58,0.52,0.47
221,2000-05-19,000925SZ,33.55,34.26,34.77,33.5,4178,14297260.0,3.79,2.21,0.74,1.39
222,2000-05-22,000925SZ,34.3,34.89,35.29,34.15,5111,17834306.0,3.33,1.84,0.63,1.7
223,2000-05-23,000925SZ,34.89,34.63,35.14,34.55,2714,9433945.0,1.69,-0.75,-0.26,0.9
224,2000-05-24,000925SZ,34.8,36.11,36.4,34.6,11906,42681276.0,5.2,4.27,1.48,3.97
225,2000-05-25,000925SZ,37.5,36.07,37.5,35.99,8472,30855810.0,4.18,-0.11,-0.04,2.82
226,2000-05-26,000925SZ,36.0,38.06,38.8,35.93,17240,64879088.0,7.96,5.52,1.99,5.75
227,2000-05-29,000925SZ,38.36,38.3,38.6,37.61,8803,33570372.0,2.6,0.63,0.24,2.93
228,2000-05-30,000925SZ,38.5,36.22,38.5,36.19,7401,27506568.0,6.03,-5.43,-2.08,2.47
229,2000-05-31,000925SZ,36.0,36.4,36.88,35.8,6446,23413662.0,2.98,0.5,0.18,2.15
230,2000-06-01,000925SZ,36.4,36.16,36.95,36.0,2418,8771415.0,2.61,-0.66,-0.24,0.81
231,2000-06-02,000925SZ,36.2,37.02,37.55,36.0,3811,13984751.0,4.29,2.38,0.86,1.27
232,2000-06-05,000925SZ,37.6,37.81,39.0,37.3,12880,49310236.0,4.59,2.13,0.79,4.29
233,2000-06-06,000925SZ,37.81,39.12,39.78,37.81,11465,44790964.0,5.21,3.46,1.31,3.82
234,2000-06-07,000925SZ,39.4,38.86,39.7,38.0,4931,19073794.0,4.35,-0.66,-0.26,1.64
235,2000-06-08,000925SZ,39.0,38.46,39.2,38.05,4121,15834452.0,2.96,-1.03,-0.4,1.37
236,2000-06-09,000925SZ,38.38,38.15,39.18,37.8,4595,17563192.0,3.59,-0.81,-0.31,1.53
237,2000-06-12,000925SZ,38.2,38.1,38.2,37.58,4272,16190338.0,1.63,-0.13,-0.05,1.42
238,2000-06-13,000925SZ,38.09,38.22,38.4,37.88,3235,12294744.0,1.36,0.31,0.12,1.08
239,2000-06-14,000925SZ,37.9,37.17,38.3,37.1,4493,16848132.0,3.14,-2.75,-1.05,1.5
240,2000-06-15,000925SZ,37.03,37.39,37.8,36.98,3386,12627017.0,2.21,0.59,0.22,1.13
241,2000-06-16,000925SZ,37.5,37.53,38.1,37.11,2892,10851278.0,2.65,0.37,0.14,0.96
242,2000-06-19,000925SZ,37.38,37.8,38.0,37.3,2664,10023521.0,1.87,0.72,0.27,0.89
243,2000-06-20,000925SZ,37.9,37.72,38.3,37.51,1917,7256459.5,2.09,-0.21,-0.08,0.64
244,2000-06-21,000925SZ,37.8,39.3,39.35,37.8,7523,29238544.0,4.11,4.19,1.58,2.51
245,2000-06-22,000925SZ,39.5,38.5,39.5,38.38,3087,11985634.0,2.85,-2.04,-0.8,1.03
246,2000-06-23,000925SZ,38.74,39.93,40.6,38.5,9963,39675204.0,5.45,3.71,1.43,3.32
247,2000-06-26,000925SZ,40.2,40.06,40.98,39.51,6550,26404160.0,3.68,0.33,0.13,2.18
248,2000-06-27,000925SZ,40.0,39.09,40.15,39.0,3415,13490354.0,2.87,-2.42,-0.97,1.14
249,2000-06-28,000925SZ,38.98,39.35,40.4,38.9,2565,10145171.0,3.84,0.67,0.26,0.86
250,2000-06-29,000925SZ,39.5,39.83,39.88,39.0,2676,10511383.0,2.24,1.22,0.48,0.89
251,2000-06-30,000925SZ,39.5,39.0,39.88,38.9,3492,13706219.0,2.46,-2.08,-0.83,1.16
252,2000-07-03,000925SZ,38.8,37.58,38.8,37.55,4135,15757973.0,3.21,-3.64,-1.42,1.38
253,2000-07-04,000925SZ,37.58,37.75,38.0,37.3,1942,7309468.5,1.86,0.45,0.17,0.65
254,2000-07-05,000925SZ,37.8,37.64,38.0,37.6,1453,5489904.0,1.06,-0.29,-0.11,0.48
255,2000-07-06,000925SZ,37.65,37.58,37.86,37.4,1391,5223197.0,1.22,-0.16,-0.06,0.46
256,2000-07-07,000925SZ,37.11,37.75,38.1,37.11,1250,4703402.5,2.63,0.45,0.17,0.42
257,2000-07-10,000925SZ,37.78,37.98,38.45,37.3,2317,8721563.0,3.05,0.61,0.23,0.77
258,2000-07-11,000925SZ,37.49,38.46,38.5,37.0,3137,11802585.0,3.95,1.26,0.48,1.05
259,2000-07-12,000925SZ,38.44,37.66,38.8,37.65,2565,9781497.0,2.99,-2.08,-0.8,0.86
260,2000-07-13,000925SZ,37.12,38.91,40.5,37.12,5817,22516564.0,8.98,3.32,1.25,1.94
261,2000-07-14,000925SZ,39.0,38.79,39.78,38.5,3438,13395295.0,3.29,-0.31,-0.12,1.15
262,2000-07-17,000925SZ,38.9,38.55,39.3,38.2,1335,5174614.5,2.84,-0.62,-0.24,0.45
263,2000-07-18,000925SZ,38.97,38.55,38.97,38.32,1308,5043341.5,1.69,0.0,0.0,0.44
264,2000-07-19,000925SZ,38.8,38.57,38.92,38.5,1399,5408660.0,1.09,0.05,0.02,0.47
265,2000-07-20,000925SZ,38.45,37.66,38.6,37.52,1445,5492006.5,2.8,-2.36,-0.91,0.48
266,2000-07-21,000925SZ,37.71,37.64,38.0,37.52,1425,5374688.0,1.27,-0.05,-0.02,0.48
267,2000-07-24,000925SZ,37.5,37.1,37.6,37.01,1877,6996183.0,1.57,-1.43,-0.54,0.63
268,2000-07-25,000925SZ,37.08,37.3,37.47,37.03,1309,4875603.0,1.19,0.54,0.2,0.44
269,2000-07-26,000925SZ,37.1,37.49,37.94,37.1,697,2620798.0,2.25,0.51,0.19,0.23
270,2000-07-27,000925SZ,37.5,36.89,37.69,36.8,3715,13778928.0,2.37,-1.6,-0.6,1.24
271,2000-07-28,000925SZ,36.98,36.9,37.75,36.55,2175,8027959.5,3.25,0.03,0.01,0.73
272,2000-07-31,000925SZ,36.2,36.5,36.79,35.97,3923,14239736.0,2.22,-1.08,-0.4,1.31
273,2000-08-01,000925SZ,36.6,37.24,37.4,36.6,2029,7521821.0,2.19,2.03,0.74,0.68
274,2000-08-02,000925SZ,37.25,36.92,37.25,36.77,1633,6043565.0,1.29,-0.86,-0.32,0.54
275,2000-08-03,000925SZ,36.61,36.77,37.1,36.31,2009,7400098.0,2.14,-0.41,-0.15,0.67
276,2000-08-04,000925SZ,36.8,36.68,37.6,36.62,1635,6026950.5,2.67,-0.24,-0.09,0.55
277,2000-08-07,000925SZ,36.6,36.39,36.6,36.2,2416,8785998.0,1.09,-0.79,-0.29,0.81
278,2000-08-08,000925SZ,36.4,35.9,36.45,35.81,3856,13898069.0,1.76,-1.35,-0.49,1.29
279,2000-08-09,000925SZ,35.9,37.16,37.35,35.85,4753,17471714.0,4.18,3.51,1.26,1.58
280,2000-08-10,000925SZ,37.2,38.19,39.45,37.2,15675,60172436.0,6.05,2.77,1.03,5.23
281,2000-08-11,000925SZ,38.37,38.15,38.37,37.88,3944,15022629.0,1.28,-0.1,-0.04,1.31
282,2000-08-14,000925SZ,38.0,38.2,38.4,38.0,1958,7475885.0,1.05,0.13,0.05,0.65
283,2000-08-15,000925SZ,38.0,37.51,38.38,37.38,2332,8859511.0,2.62,-1.81,-0.69,0.78
284,2000-08-16,000925SZ,37.52,38.14,38.2,37.52,2650,10059535.0,1.81,1.68,0.63,0.88
285,2000-08-17,000925SZ,38.0,38.0,38.2,37.62,1138,4321115.5,1.52,-0.37,-0.14,0.38
286,2000-08-18,000925SZ,38.01,37.37,38.01,37.1,1131,4241417.5,2.39,-1.66,-0.63,0.38
287,2000-08-21,000925SZ,37.26,37.3,37.8,37.2,1813,6785570.0,1.61,-0.19,-0.07,0.6
288,2000-08-22,000925SZ,37.25,36.8,37.34,36.68,3221,11866106.0,1.77,-1.34,-0.5,1.07
289,2000-08-23,000925SZ,36.15,36.23,36.69,35.5,3025,10911627.0,3.23,-1.55,-0.57,1.01
290,2000-08-24,000925SZ,36.81,36.25,36.81,36.01,1435,5203335.5,2.21,0.06,0.02,0.48
291,2000-08-25,000925SZ,36.25,36.8,36.81,36.01,697,2541187.0,2.21,1.52,0.55,0.23
292,2000-08-28,000925SZ,37.9,36.75,37.9,36.51,1513,5632064.0,3.78,-0.14,-0.05,0.5
293,2000-08-29,000925SZ,37.0,36.75,37.0,36.36,549,2021881.62,1.74,0.0,0.0,0.18
294,2000-08-30,000925SZ,36.75,36.43,37.0,36.38,1062,3878319.0,1.69,-0.87,-0.32,0.35
295,2000-08-31,000925SZ,36.2,36.0,36.35,35.85,1931,6966638.0,1.37,-1.18,-0.43,0.64
296,2000-09-01,000925SZ,35.9,35.27,36.0,35.2,1420,5085182.5,2.22,-2.03,-0.73,0.47
297,2000-09-04,000925SZ,35.2,34.98,35.31,34.85,1687,5905468.5,1.3,-0.82,-0.29,0.56
298,2000-09-05,000925SZ,35.0,34.8,35.1,34.68,2071,7247875.5,1.2,-0.51,-0.18,0.69
299,2000-09-06,000925SZ,34.5,34.38,34.8,34.34,1465,5060803.0,1.32,-1.21,-0.42,0.49
300,2000-09-07,000925SZ,34.8,34.1,35.09,34.0,1661,5711240.0,3.17,-0.81,-0.28,0.55
301,2000-09-08,000925SZ,34.3,34.71,35.12,34.2,1582,5479212.0,2.7,1.79,0.61,0.53
302,2000-09-11,000925SZ,35.0,34.21,35.0,34.18,899,3088430.25,2.36,-1.44,-0.5,0.3
303,2000-09-12,000925SZ,34.22,34.68,34.99,34.22,476,1647840.5,2.25,1.37,0.47,0.16
304,2000-09-13,000925SZ,34.75,34.98,35.2,34.5,854,2986635.25,2.02,0.87,0.3,0.28
305,2000-09-14,000925SZ,34.98,35.11,35.2,34.95,688,2411770.5,0.71,0.37,0.13,0.23
306,2000-09-15,000925SZ,34.95,34.92,35.19,34.8,409,1430856.75,1.11,-0.54,-0.19,0.14
307,2000-09-18,000925SZ,35.0,34.59,35.0,34.1,2401,8303985.5,2.58,-0.95,-0.33,0.8
308,2000-09-19,000925SZ,34.78,33.95,34.8,33.9,962,3286566.5,2.6,-1.85,-0.64,0.32
309,2000-09-20,000925SZ,34.0,34.19,34.44,33.8,601,2051034.38,1.89,0.71,0.24,0.2
310,2000-09-21,000925SZ,36.8,34.5,36.8,34.25,918,3211709.5,7.46,0.91,0.31,0.31
311,2000-09-22,000925SZ,34.55,34.56,34.78,34.5,511,1769822.0,0.81,0.17,0.06,0.17
312,2000-09-25,000925SZ,34.68,34.62,34.96,34.56,314,1092442.0,1.16,0.17,0.06,0.1
313,2000-09-26,000925SZ,34.81,34.8,34.95,34.62,790,2755432.75,0.95,0.52,0.18,0.26
314,2000-09-27,000925SZ,34.8,35.26,35.35,34.8,1109,3907571.25,1.58,1.32,0.46,0.37
315,2000-09-28,000925SZ,35.0,35.0,35.11,34.94,686,2402524.75,0.48,-0.74,-0.26,0.23
316,2000-09-29,000925SZ,35.1,35.5,35.58,35.01,718,2545722.0,1.63,1.43,0.5,0.24
317,2000-10-09,000925SZ,35.4,35.2,35.4,35.08,483,1703343.0,0.9,-0.85,-0.3,0.16
318,2000-10-10,000925SZ,35.02,35.15,35.3,35.02,668,2350612.5,0.8,-0.14,-0.05,0.22
319,2000-10-11,000925SZ,35.2,34.89,35.2,34.76,592,2064943.38,1.25,-0.74,-0.26,0.2
320,2000-10-12,000925SZ,34.76,34.37,34.9,34.1,895,3073539.0,2.29,-1.49,-0.52,0.3
321,2000-10-13,000925SZ,34.5,34.47,34.75,34.38,443,1529491.0,1.08,0.29,0.1,0.15
322,2000-10-16,000925SZ,34.5,35.33,35.8,34.3,707,2464056.25,4.35,2.49,0.86,0.24
323,2000-10-17,000925SZ,35.3,36.2,36.33,35.16,4794,17178654.0,3.31,2.46,0.87,1.6
324,2000-10-18,000925SZ,36.45,36.24,36.5,36.0,2702,9807402.0,1.38,0.11,0.04,0.9
325,2000-10-19,000925SZ,36.35,37.02,38.08,36.35,18779,69986184.0,4.77,2.15,0.78,6.26
326,2000-10-20,000925SZ,37.02,39.0,39.3,37.0,28065,107573568.0,6.21,5.35,1.98,9.36
327,2000-10-23,000925SZ,39.6,39.26,39.75,38.5,14257,55904132.0,3.21,0.67,0.26,4.75
328,2000-10-24,000925SZ,39.26,39.48,39.55,38.8,9711,38105200.0,1.91,0.56,0.22,3.24
329,2000-10-25,000925SZ,39.48,39.02,40.47,38.9,14458,57557568.0,3.98,-1.17,-0.46,4.82
330,2000-10-26,000925SZ,38.94,38.3,39.1,38.0,6140,23708158.0,2.82,-1.85,-0.72,2.05
331,2000-10-27,000925SZ,38.1,38.68,38.75,37.7,3832,14663211.0,2.74,0.99,0.38,1.28
332,2000-10-30,000925SZ,38.6,38.6,39.0,38.0,2697,10379206.0,2.59,-0.21,-0.08,0.9
333,2000-10-31,000925SZ,38.45,37.47,38.8,37.21,3254,12382978.0,4.12,-2.93,-1.13,1.08
334,2000-11-01,000925SZ,37.45,38.12,38.46,37.45,2899,11052742.0,2.7,1.73,0.65,0.97
335,2000-11-02,000925SZ,38.12,39.49,39.93,38.12,9938,38926916.0,4.75,3.59,1.37,3.31
336,2000-11-03,000925SZ,39.49,39.52,39.75,39.31,4259,16828606.0,1.11,0.08,0.03,1.42
337,2000-11-06,000925SZ,39.52,40.45,41.4,39.32,15264,61527676.0,5.26,2.35,0.93,5.09
338,2000-11-07,000925SZ,40.45,40.15,41.28,40.1,5697,23226452.0,2.92,-0.74,-0.3,1.9
339,2000-11-08,000925SZ,40.0,39.95,40.8,39.66,3758,15095929.0,2.84,-0.5,-0.2,1.25
340,2000-11-09,000925SZ,40.0,41.12,41.3,39.75,9146,37133124.0,3.88,2.93,1.17,3.05
341,2000-11-10,000925SZ,41.12,40.5,41.38,40.0,5517,22500846.0,3.36,-1.51,-0.62,1.84
342,2000-11-13,000925SZ,40.5,39.96,40.8,39.72,7314,29335258.0,2.67,-1.33,-0.54,2.44
343,2000-11-14,000925SZ,39.52,40.32,41.77,39.52,5085,20622700.0,5.63,0.9,0.36,1.7
344,2000-11-15,000925SZ,40.32,39.77,40.5,39.7,4224,16849214.0,1.98,-1.36,-0.55,1.41
345,2000-11-16,000925SZ,39.77,39.65,40.1,39.33,4332,17192320.0,1.94,-0.3,-0.12,1.44
346,2000-11-17,000925SZ,39.76,39.38,39.98,39.02,4116,16174929.0,2.42,-0.68,-0.27,1.37
347,2000-11-20,000925SZ,39.48,39.0,39.54,38.7,2745,10689064.0,2.13,-0.96,-0.38,0.92
348,2000-11-21,000925SZ,39.0,39.5,39.8,38.9,2237,8808176.0,2.31,1.28,0.5,0.75
349,2000-11-22,000925SZ,39.8,39.38,39.9,39.0,1561,6160104.0,2.28,-0.3,-0.12,0.52
350,2000-11-23,000925SZ,40.66,39.8,40.66,39.15,2983,11877745.0,3.83,1.07,0.42,0.99
351,2000-11-24,000925SZ,39.8,38.47,39.8,38.3,3452,13479417.0,3.77,-3.34,-1.33,1.15
352,2000-11-27,000925SZ,38.4,38.0,38.59,37.8,2486,9484703.0,2.05,-1.22,-0.47,0.83
353,2000-11-28,000925SZ,39.89,38.36,39.89,38.1,2938,11371214.0,4.71,0.95,0.36,0.98
354,2000-11-29,000925SZ,38.3,38.08,38.68,37.95,1273,4868898.5,1.9,-0.73,-0.28,0.42
355,2000-11-30,000925SZ,40.5,39.22,40.5,38.6,3894,15485136.0,4.99,2.99,1.14,1.3
356,2000-12-01,000925SZ,39.68,39.38,39.68,39.1,1280,5035215.0,1.48,0.41,0.16,0.43
357,2000-12-04,000925SZ,39.49,39.65,40.28,39.25,2490,9936348.0,2.62,0.69,0.27,0.83
358,2000-12-05,000925SZ,39.59,39.46,39.88,39.3,3448,13584592.0,1.46,-0.48,-0.19,1.15
359,2000-12-06,000925SZ,39.46,39.1,39.99,39.0,3264,12911612.0,2.51,-0.91,-0.36,1.09
360,2000-12-07,000925SZ,38.0,38.71,39.35,38.0,2258,8724397.0,3.45,-1.0,-0.39,0.75
361,2000-12-08,000925SZ,38.71,38.74,39.0,38.28,1005,3885529.0,1.86,0.08,0.03,0.34
362,2000-12-11,000925SZ,38.5,38.51,38.95,38.3,1217,4707597.5,1.68,-0.59,-0.23,0.41
363,2000-12-12,000925SZ,38.51,39.45,39.45,38.5,1580,6165351.0,2.47,2.44,0.94,0.53
364,2000-12-13,000925SZ,39.5,39.72,39.98,39.25,1562,6202143.0,1.85,0.68,0.27,0.52
365,2000-12-14,000925SZ,39.91,39.56,39.92,39.5,1354,5369441.5,1.06,-0.4,-0.16,0.45
366,2000-12-15,000925SZ,39.8,43.37,43.52,39.55,15466,64853236.0,10.04,9.63,3.81,5.16
367,2000-12-18,000925SZ,42.98,43.34,45.5,42.42,22041,97335064.0,7.1,-0.07,-0.03,7.35
368,2000-12-19,000925SZ,43.35,42.27,43.85,42.2,5351,23008082.0,3.81,-2.47,-1.07,1.78
369,2000-12-20,000925SZ,42.1,46.5,46.5,42.09,15785,72192848.0,10.43,10.01,4.23,5.26
370,2000-12-21,000925SZ,47.49,46.35,48.0,46.0,14135,65990608.0,4.3,-0.32,-0.15,4.71
371,2000-12-22,000925SZ,46.5,46.45,47.58,46.18,8187,38244256.0,3.02,0.22,0.1,2.73
372,2000-12-25,000925SZ,46.09,45.16,46.85,44.8,6732,30548580.0,4.41,-2.78,-1.29,2.24
373,2000-12-26,000925SZ,45.23,46.8,47.21,44.71,5826,26759274.0,5.54,3.63,1.64,1.94
374,2000-12-27,000925SZ,47.2,45.5,47.2,45.5,2868,13201796.0,3.63,-2.78,-1.3,0.96
375,2000-12-28,000925SZ,45.25,44.56,45.25,44.3,5241,23488382.0,2.09,-2.07,-0.94,1.75
376,2000-12-29,000925SZ,43.3,44.16,45.55,42.8,6091,26994736.0,6.17,-0.9,-0.4,2.03
377,2001-01-02,000925SZ,44.25,45.32,45.87,44.08,2957,13263762.0,4.05,2.63,1.16,0.99
378,2001-01-03,000925SZ,45.4,45.32,46.0,44.7,4197,19005282.0,2.87,0.0,0.0,1.4
379,2001-01-04,000925SZ,45.4,45.55,47.0,45.33,3693,17082238.0,3.68,0.51,0.23,1.23
380,2001-01-05,000925SZ,45.1,44.83,45.95,44.66,3645,16438199.0,2.83,-1.58,-0.72,1.22
381,2001-01-08,000925SZ,44.7,43.21,44.98,42.9,5736,25056224.0,4.64,-3.61,-1.62,1.91
382,2001-01-09,000925SZ,42.98,43.69,44.1,42.98,3242,14071623.0,2.59,1.11,0.48,1.08
383,2001-01-10,000925SZ,43.29,43.98,44.18,43.1,2497,10874655.0,2.47,0.66,0.29,0.83
384,2001-01-11,000925SZ,43.51,42.8,44.0,42.8,3396,14677471.0,2.73,-2.68,-1.18,1.13
385,2001-01-12,000925SZ,42.41,40.99,42.59,40.83,8017,33215012.0,4.11,-4.23,-1.81,2.67
386,2001-01-15,000925SZ,40.7,39.47,40.7,39.4,4300,17221786.0,3.17,-3.71,-1.52,1.43
387,2001-01-16,000925SZ,39.37,39.64,39.99,38.95,2738,10789208.0,2.63,0.43,0.17,0.91
388,2001-01-17,000925SZ,39.68,38.83,39.8,38.8,2605,10195280.0,2.52,-2.04,-0.81,0.87
389,2001-01-18,000925SZ,39.0,39.19,39.2,38.83,2704,10545394.0,0.95,0.93,0.36,0.9
390,2001-01-19,000925SZ,39.3,39.81,40.3,39.22,2097,8372636.5,2.76,1.58,0.62,0.7
391,2001-02-05,000925SZ,40.0,37.45,40.0,37.0,3003,11398599.0,7.54,-5.93,-2.36,1.0
392,2001-02-06,000925SZ,36.81,37.36,37.38,36.38,2255,8280279.0,2.67,-0.24,-0.09,0.75
393,2001-02-07,000925SZ,37.5,37.0,37.5,36.51,688,2540054.0,2.65,-0.96,-0.36,0.23
394,2001-02-08,000925SZ,36.8,35.52,37.04,35.45,1678,6106496.0,4.3,-4.0,-1.48,0.56
395,2001-02-09,000925SZ,35.7,36.0,36.88,35.51,2431,8756069.0,3.86,1.35,0.48,0.81
396,2001-02-12,000925SZ,36.01,36.37,36.5,35.3,1577,5644134.0,3.33,1.03,0.37,0.53
397,2001-02-13,000925SZ,36.5,36.18,36.96,35.9,1182,4309609.5,2.91,-0.52,-0.19,0.39
398,2001-02-14,000925SZ,36.18,36.1,36.47,35.7,730,2634047.5,2.13,-0.22,-0.08,0.24
399,2001-02-15,000925SZ,36.68,35.95,36.68,35.71,674,2427110.75,2.69,-0.42,-0.15,0.22
400,2001-02-16,000925SZ,35.55,36.63,36.73,35.55,1363,4896749.0,3.28,1.89,0.68,0.45
401,2001-02-19,000925SZ,36.63,36.91,36.93,36.3,1374,5041137.0,1.72,0.76,0.28,0.46
402,2001-02-20,000925SZ,37.0,36.53,37.8,36.01,2693,9967946.0,4.85,-1.03,-0.38,0.9
403,2001-02-21,000925SZ,36.53,35.91,36.53,35.52,1125,4032126.0,2.76,-1.7,-0.62,0.38
404,2001-02-22,000925SZ,35.98,36.13,36.8,35.65,3642,13166502.0,3.2,0.61,0.22,1.21
405,2001-02-23,000925SZ,36.13,36.99,37.1,35.8,1365,4942710.0,3.6,2.38,0.86,0.46
406,2001-02-26,000925SZ,36.99,37.21,37.38,36.5,1982,7358003.5,2.38,0.59,0.22,0.66
407,2001-02-27,000925SZ,37.2,37.04,37.48,36.6,1177,4354919.5,2.36,-0.46,-0.17,0.39
408,2001-02-28,000925SZ,37.98,37.2,37.98,37.0,1448,5396725.0,2.65,0.43,0.16,0.48
409,2001-03-01,000925SZ,37.25,37.21,37.29,36.8,1047,3881464.0,1.32,0.03,0.01,0.35
410,2001-03-02,000925SZ,37.21,37.83,37.84,37.11,3979,14958893.0,1.96,1.67,0.62,1.33
411,2001-03-05,000925SZ,37.81,37.04,37.95,37.01,990,3693565.75,2.48,-2.09,-0.79,0.33
412,2001-03-06,000925SZ,37.07,37.19,37.28,36.7,1118,4137537.0,1.57,0.4,0.15,0.37
413,2001-03-07,000925SZ,37.05,36.67,37.35,36.65,1358,5002892.0,1.88,-1.4,-0.52,0.45
414,2001-03-08,000925SZ,36.6,37.04,37.1,36.35,2520,9233366.0,2.05,1.01,0.37,0.84
415,2001-03-09,000925SZ,37.0,37.46,38.05,36.71,5689,21464512.0,3.62,1.13,0.42,1.9
416,2001-03-12,000925SZ,37.65,36.99,37.65,36.86,1893,7016066.5,2.11,-1.25,-0.47,0.63
417,2001-03-13,000925SZ,37.08,36.68,37.08,36.5,1296,4758841.5,1.57,-0.84,-0.31,0.43
418,2001-03-14,000925SZ,36.5,36.6,36.98,36.4,2069,7562781.5,1.58,-0.22,-0.08,0.69
419,2001-03-15,000925SZ,36.65,36.24,36.9,36.0,3264,11865475.0,2.46,-0.98,-0.36,1.09
420,2001-03-16,000925SZ,36.6,36.02,36.6,36.0,2308,8326902.0,1.66,-0.61,-0.22,0.77
421,2001-03-19,000925SZ,36.0,35.75,36.0,35.68,2621,9383937.0,0.89,-0.75,-0.27,0.87
422,2001-03-20,000925SZ,35.7,35.9,36.25,35.69,1935,6936986.0,1.57,0.42,0.15,0.65
423,2001-03-21,000925SZ,35.88,36.63,36.93,35.81,4125,15108917.0,3.12,2.03,0.73,1.38
424,2001-03-22,000925SZ,36.8,37.35,37.52,36.8,4269,15897284.0,1.97,1.97,0.72,1.42
425,2001-03-23,000925SZ,37.82,36.75,37.82,36.7,4147,15498230.0,3.0,-1.61,-0.6,1.38
426,2001-03-26,000925SZ,36.65,37.2,37.5,36.51,3323,12336153.0,2.69,1.22,0.45,1.11
427,2001-03-27,000925SZ,37.48,38.6,39.0,37.48,22001,84461768.0,4.09,3.76,1.4,7.33
428,2001-03-28,000925SZ,38.9,37.97,39.02,37.9,11114,42527484.0,2.9,-1.63,-0.63,3.7
429,2001-03-29,000925SZ,37.5,36.73,37.5,36.7,8425,31119456.0,2.11,-3.27,-1.24,2.81
430,2001-03-30,000925SZ,36.69,37.14,37.33,36.65,7591,28047426.0,1.85,1.12,0.41,2.53
431,2001-04-02,000925SZ,36.97,37.32,37.47,36.97,5510,20521980.0,1.35,0.48,0.18,1.84
432,2001-04-03,000925SZ,37.45,37.01,37.63,36.68,3597,13384558.0,2.55,-0.83,-0.31,1.2
433,2001-04-04,000925SZ,37.0,36.28,37.3,36.18,5516,20270074.0,3.03,-1.97,-0.73,1.84
434,2001-04-05,000925SZ,36.4,36.71,36.96,36.4,2144,7833918.0,1.54,1.19,0.43,0.71
435,2001-04-06,000925SZ,37.0,36.59,37.25,36.55,2000,7362975.5,1.91,-0.33,-0.12,0.67
436,2001-04-09,000925SZ,36.68,36.54,36.8,36.28,1398,5098498.5,1.42,-0.14,-0.05,0.47
437,2001-04-10,000925SZ,36.55,37.0,37.1,36.5,1209,4440826.0,1.64,1.26,0.46,0.4
438,2001-04-11,000925SZ,37.94,37.12,37.94,37.01,1723,6452408.5,2.51,0.32,0.12,0.57
439,2001-04-12,000925SZ,37.21,37.5,37.98,37.03,4679,17594744.0,2.56,1.02,0.38,1.56
440,2001-04-13,000925SZ,37.7,37.49,37.8,37.0,1535,5739660.0,2.13,-0.03,-0.01,0.51
441,2001-04-16,000925SZ,37.43,38.15,38.28,37.3,5955,22536882.0,2.61,1.76,0.66,1.99
442,2001-04-17,000925SZ,38.31,38.74,39.0,38.01,8647,33424306.0,2.6,1.55,0.59,2.88
443,2001-04-18,000925SZ,38.6,38.18,38.75,38.05,3078,11787056.0,1.81,-1.45,-0.56,1.03
444,2001-04-19,000925SZ,38.2,37.92,38.45,37.5,3191,12081010.0,2.49,-0.68,-0.26,1.06
445,2001-04-20,000925SZ,37.9,37.98,39.28,37.9,7310,28288624.0,3.64,0.16,0.06,2.44
446,2001-04-23,000925SZ,37.78,37.55,38.5,37.0,2785,10490977.0,3.95,-1.13,-0.43,0.93
447,2001-04-24,000925SZ,37.6,37.5,37.8,37.31,1477,5554176.0,1.3,-0.13,-0.05,0.49
448,2001-04-25,000925SZ,37.55,36.82,37.66,36.63,2568,9521978.0,2.75,-1.81,-0.68,0.86
449,2001-04-26,000925SZ,36.8,37.06,37.27,36.8,1640,6073622.0,1.28,0.65,0.24,0.55
450,2001-04-27,000925SZ,37.1,37.36,37.5,37.01,934,3490996.0,1.32,0.81,0.3,0.31
451,2001-04-30,000925SZ,37.0,37.19,37.5,37.0,1035,3854253.5,1.34,-0.46,-0.17,0.35
452,2001-05-09,000925SZ,37.5,37.48,37.9,37.3,918,3453378.25,1.61,0.78,0.29,0.31
453,2001-05-10,000925SZ,37.52,37.92,38.0,37.48,1393,5251995.5,1.39,1.17,0.44,0.46
454,2001-05-11,000925SZ,38.1,37.83,38.13,37.6,866,3278092.25,1.4,-0.24,-0.09,0.29
455,2001-05-14,000925SZ,37.8,38.28,38.59,37.71,2482,9476478.0,2.33,1.19,0.45,0.83
456,2001-05-15,000925SZ,38.61,38.6,38.78,38.18,3407,13119833.0,1.57,0.84,0.32,1.14
457,2001-05-16,000925SZ,38.72,38.89,39.29,38.62,5829,22695750.0,1.74,0.75,0.29,1.94
458,2001-05-17,000925SZ,38.91,38.92,39.29,38.28,5197,20135596.0,2.6,0.08,0.03,1.73
459,2001-05-18,000925SZ,39.03,39.29,40.25,38.65,10463,41351460.0,4.11,0.95,0.37,3.49
460,2001-05-21,000925SZ,39.25,39.37,40.1,39.21,4814,19065490.0,2.27,0.2,0.08,1.6
461,2001-05-22,000925SZ,39.68,38.67,39.76,38.65,2863,11143310.0,2.82,-1.78,-0.7,0.95
462,2001-05-23,000925SZ,38.68,38.2,38.85,37.98,2131,8159111.5,2.25,-1.22,-0.47,0.71
463,2001-05-24,000925SZ,38.22,38.16,38.6,38.15,1652,6327469.5,1.18,-0.1,-0.04,0.55
464,2001-05-25,000925SZ,38.16,37.82,38.4,37.6,1983,7516516.5,2.1,-0.89,-0.34,0.66
465,2001-05-28,000925SZ,37.82,38.13,38.34,37.69,1692,6441821.0,1.72,0.82,0.31,0.56
466,2001-05-29,000925SZ,38.3,38.16,38.49,38.0,2054,7849757.0,1.29,0.08,0.03,0.68
467,2001-05-30,000925SZ,38.17,38.6,38.86,38.15,1448,5584266.0,1.86,1.15,0.44,0.48
468,2001-05-31,000925SZ,38.7,38.88,39.18,38.51,2036,7906389.0,1.74,0.73,0.28,0.68
469,2001-06-01,000925SZ,38.87,38.84,38.98,38.6,1484,5751731.5,0.98,-0.1,-0.04,0.49
470,2001-06-04,000925SZ,38.98,38.56,38.99,38.56,1424,5510338.5,1.11,-0.72,-0.28,0.47
471,2001-06-05,000925SZ,38.4,38.4,38.88,38.36,1613,6230685.0,1.35,-0.41,-0.16,0.54
472,2001-06-06,000925SZ,38.42,38.18,38.68,38.05,2252,8610960.0,1.64,-0.57,-0.22,0.75
473,2001-06-07,000925SZ,38.2,37.89,38.3,37.88,2005,7628762.0,1.1,-0.76,-0.29,0.67
474,2001-06-08,000925SZ,38.25,37.98,38.25,37.7,1230,4659747.0,1.45,0.24,0.09,0.41
475,2001-06-11,000925SZ,38.1,37.78,38.2,37.7,1197,4534501.0,1.32,-0.53,-0.2,0.4
476,2001-06-12,000925SZ,37.78,37.99,38.0,37.65,1549,5865940.0,0.93,0.56,0.21,0.52
477,2001-06-13,000925SZ,38.02,38.52,38.55,38.0,1074,4117953.0,1.45,1.4,0.53,0.36
478,2001-06-14,000925SZ,38.18,37.73,38.8,37.65,2502,9584755.0,2.99,-2.05,-0.79,0.83
479,2001-06-15,000925SZ,37.6,37.9,38.26,37.5,1142,4314484.0,2.01,0.45,0.17,0.38
480,2001-06-18,000925SZ,37.9,36.79,37.9,36.6,3323,12309310.0,3.43,-2.93,-1.11,1.11
481,2001-06-19,000925SZ,36.73,36.77,37.0,36.66,1474,5422324.0,0.92,-0.05,-0.02,0.49
482,2001-06-20,000925SZ,36.7,36.47,37.19,36.0,1248,4570162.0,3.24,-0.82,-0.3,0.42
483,2001-06-21,000925SZ,36.5,36.72,36.8,36.4,984,3607151.25,1.1,0.69,0.25,0.33
484,2001-06-22,000925SZ,36.8,36.96,37.0,36.65,1010,3723032.0,0.95,0.65,0.24,0.34
485,2001-06-25,000925SZ,36.9,36.91,37.0,36.6,1843,6774650.0,1.08,-0.14,-0.05,0.61
486,2001-06-26,000925SZ,36.79,36.75,36.9,36.65,1901,6980670.5,0.68,-0.43,-0.16,0.63
487,2001-06-28,000925SZ,37.49,36.82,37.49,36.75,873,3222160.75,2.01,0.19,0.07,0.29
488,2001-06-29,000925SZ,37.4,36.89,37.4,36.8,862,3189816.0,1.63,0.19,0.07,0.29
489,2001-07-02,000925SZ,36.91,36.33,36.91,36.3,1344,4898392.0,1.65,-1.52,-0.56,0.45
490,2001-07-03,000925SZ,36.33,36.31,36.5,36.27,1076,3914514.0,0.63,-0.06,-0.02,0.36
491,2001-07-04,000925SZ,36.5,36.34,36.5,36.3,925,3363674.0,0.55,0.08,0.03,0.31
492,2001-07-05,000925SZ,36.3,36.05,36.44,36.0,1600,5771463.0,1.21,-0.8,-0.29,0.53
493,2001-07-06,000925SZ,36.1,36.36,36.94,36.05,958,3495091.0,2.47,0.86,0.31,0.32
494,2001-07-09,000925SZ,36.36,36.2,36.4,36.08,529,1913058.75,0.88,-0.44,-0.16,0.18
495,2001-07-10,000925SZ,36.25,36.24,36.3,36.13,694,2515284.5,0.47,0.11,0.04,0.23
496,2001-07-11,000925SZ,36.25,36.11,36.4,36.08,460,1672304.0,0.88,-0.36,-0.13,0.15
497,2001-07-12,000925SZ,36.02,36.26,36.58,35.8,1058,3812626.0,2.16,0.42,0.15,0.35
498,2001-07-13,000925SZ,36.5,36.01,36.5,36.0,440,1597871.0,1.38,-0.69,-0.25,0.15
499,2001-07-16,000925SZ,36.28,35.5,36.28,35.5,1211,4338322.0,2.17,-1.42,-0.51,0.4
500,2001-07-17,000925SZ,35.51,34.7,35.51,34.5,2178,7580950.0,2.85,-2.25,-0.8,0.73
501,2001-07-18,000925SZ,34.73,34.77,34.85,34.52,1208,4192203.0,0.95,0.2,0.07,0.4
502,2001-07-19,000925SZ,34.87,34.8,35.0,34.55,881,3059988.5,1.29,0.09,0.03,0.29
503,2001-07-20,000925SZ,34.96,35.1,35.26,34.62,994,3470451.75,1.84,0.86,0.3,0.33
504,2001-07-23,000925SZ,35.25,34.6,35.3,34.6,1261,4387957.0,1.99,-1.42,-0.5,0.42
505,2001-07-24,000925SZ,34.62,33.43,34.62,33.1,3370,11325403.0,4.39,-3.38,-1.17,1.12
506,2001-07-25,000925SZ,33.3,32.77,33.4,32.0,2332,7699865.0,4.19,-1.97,-0.66,0.78
507,2001-07-26,000925SZ,32.75,31.92,32.75,31.65,3117,10009118.0,3.36,-2.59,-0.85,1.04
508,2001-07-27,000925SZ,31.79,31.3,32.1,31.0,2150,6756412.5,3.45,-1.94,-0.62,0.72
509,2001-07-30,000925SZ,30.8,29.17,30.8,29.06,3382,10013749.0,5.56,-6.81,-2.13,1.13
510,2001-07-31,000925SZ,29.0,29.16,29.98,28.61,1653,4845562.0,4.7,-0.03,-0.01,0.55
511,2001-08-01,000925SZ,29.5,29.95,30.2,29.35,1769,5271032.0,2.91,2.71,0.79,0.59
512,2001-08-02,000925SZ,29.85,28.82,29.99,28.05,1779,5114739.0,6.48,-3.77,-1.13,0.59
513,2001-08-03,000925SZ,28.78,28.71,29.2,28.5,1224,3518974.25,2.43,-0.38,-0.11,0.41
514,2001-08-06,000925SZ,28.9,26.89,28.9,26.88,2850,7823733.0,7.04,-6.34,-1.82,0.95
515,2001-08-07,000925SZ,26.88,27.64,28.28,26.3,2112,5731209.0,7.36,2.79,0.75,0.7
516,2001-08-08,000925SZ,27.68,27.28,27.68,27.01,769,2101924.75,2.42,-1.3,-0.36,0.26
517,2001-08-09,000925SZ,27.28,27.62,27.68,27.02,781,2149504.0,2.42,1.25,0.34,0.26
518,2001-08-10,000925SZ,27.7,28.38,28.38,27.7,2078,5841318.0,2.46,2.75,0.76,0.69
519,2001-08-13,000925SZ,28.41,28.67,28.95,28.03,1384,3947533.0,3.24,1.02,0.29,0.46
520,2001-08-14,000925SZ,28.7,28.0,28.77,27.8,1119,3157360.5,3.38,-2.34,-0.67,0.37
521,2001-08-15,000925SZ,27.8,28.25,28.48,27.8,606,1705381.0,2.43,0.89,0.25,0.2
522,2001-08-16,000925SZ,28.4,27.72,28.4,27.72,685,1916929.5,2.41,-1.88,-0.53,0.23
523,2001-08-17,000925SZ,27.68,27.8,28.0,27.68,685,1904777.62,1.15,0.29,0.08,0.23
524,2001-08-20,000925SZ,27.8,28.11,28.23,27.78,328,921012.12,1.62,1.12,0.31,0.11
525,2001-08-21,000925SZ,28.12,28.3,28.6,28.0,577,1628672.5,2.13,0.68,0.19,0.19
526,2001-08-22,000925SZ,28.05,27.7,28.05,27.41,553,1530111.88,2.26,-2.12,-0.6,0.18
527,2001-08-23,000925SZ,27.58,27.23,27.58,27.0,948,2574771.0,2.09,-1.7,-0.47,0.32
528,2001-08-24,000925SZ,27.23,26.9,27.63,26.6,699,1898312.38,3.78,-1.21,-0.33,0.23
529,2001-08-27,000925SZ,26.9,25.68,26.9,25.63,1449,3783811.75,4.72,-4.54,-1.22,0.48
530,2001-08-28,000925SZ,25.68,26.22,26.44,25.1,1328,3380166.25,5.22,2.1,0.54,0.44
531,2001-08-29,000925SZ,26.3,26.3,26.85,25.75,1090,2887181.0,4.2,0.31,0.08,0.36
532,2001-08-30,000925SZ,26.02,26.11,26.57,25.82,435,1136503.0,2.85,-0.72,-0.19,0.15
533,2001-08-31,000925SZ,26.12,25.89,26.12,25.8,580,1505677.5,1.23,-0.84,-0.22,0.19
534,2001-09-03,000925SZ,25.9,26.06,26.18,25.55,395,1028002.81,2.43,0.66,0.17,0.13
535,2001-09-04,000925SZ,26.48,27.19,27.2,26.0,1490,3986392.5,4.6,4.34,1.13,0.5
536,2001-09-05,000925SZ,27.38,27.11,27.83,27.02,1801,4961043.0,2.98,-0.29,-0.08,0.6
537,2001-09-06,000925SZ,27.2,26.98,27.21,26.85,498,1345737.0,1.33,-0.48,-0.13,0.17
538,2001-09-07,000925SZ,26.88,25.88,26.88,25.88,1459,3807952.5,3.71,-4.08,-1.1,0.49
539,2001-09-10,000925SZ,25.8,27.59,27.8,25.2,1548,4175948.75,10.05,6.61,1.71,0.52
540,2001-09-11,000925SZ,27.25,27.09,27.5,26.92,1468,3989668.5,2.1,-1.81,-0.5,0.49
541,2001-09-12,000925SZ,26.5,27.69,28.0,26.0,3240,8767526.0,7.38,2.21,0.6,1.08
542,2001-09-13,000925SZ,27.78,28.71,29.68,27.75,10250,29356810.0,6.97,3.68,1.02,3.42
543,2001-09-14,000925SZ,28.7,28.42,28.95,28.02,3953,11241340.0,3.24,-1.01,-0.29,1.32
544,2001-09-17,000925SZ,28.11,28.21,28.9,28.11,2165,6149730.0,2.78,-0.74,-0.21,0.72
545,2001-09-18,000925SZ,28.51,28.54,29.0,28.12,1083,3089660.25,3.12,1.17,0.33,0.36
546,2001-09-19,000925SZ,28.55,29.21,29.32,28.3,2143,6192215.0,3.57,2.35,0.67,0.71
547,2001-09-20,000925SZ,29.1,28.5,29.17,28.45,1284,3696595.0,2.46,-2.43,-0.71,0.43
548,2001-09-21,000925SZ,28.4,28.0,28.6,27.95,1308,3688774.75,2.28,-1.75,-0.5,0.44
549,2001-09-24,000925SZ,28.0,28.02,28.28,27.9,727,2039182.75,1.36,0.07,0.02,0.24
550,2001-09-25,000925SZ,28.18,27.95,28.3,27.92,898,2523773.0,1.36,-0.25,-0.07,0.3
551,2001-09-26,000925SZ,28.3,27.55,28.3,27.5,936,2598457.0,2.86,-1.43,-0.4,0.31
552,2001-09-27,000925SZ,27.5,27.48,27.9,27.0,924,2535824.75,3.27,-0.25,-0.07,0.31
553,2001-09-28,000925SZ,27.51,27.71,27.85,27.4,558,1547357.38,1.64,0.84,0.23,0.19
554,2001-10-08,000925SZ,27.8,26.69,27.85,26.6,878,2375542.25,4.51,-3.68,-1.02,0.29
555,2001-10-09,000925SZ,26.69,26.78,27.0,26.6,1324,3544357.5,1.5,0.34,0.09,0.44
556,2001-10-10,000925SZ,26.7,25.39,26.7,25.0,2581,6608212.0,6.35,-5.19,-1.39,0.86
557,2001-10-11,000925SZ,25.3,24.26,25.7,24.05,2319,5734936.5,6.5,-4.45,-1.13,0.77
558,2001-10-12,000925SZ,24.31,25.1,25.49,23.7,1522,3733218.25,7.38,3.46,0.84,0.51
559,2001-10-15,000925SZ,25.2,24.8,25.45,24.7,697,1741269.5,2.99,-1.2,-0.3,0.23
560,2001-10-16,000925SZ,24.7,24.38,24.78,24.0,738,1802945.5,3.15,-1.69,-0.42,0.25
561,2001-10-17,000925SZ,24.01,24.25,24.51,24.01,331,803466.19,2.05,-0.53,-0.13,0.11
562,2001-10-18,000925SZ,24.25,24.06,24.65,24.05,472,1147571.5,2.47,-0.78,-0.19,0.16
563,2001-10-19,000925SZ,24.01,22.32,24.01,22.1,2275,5233685.0,7.94,-7.23,-1.74,0.76
564,2001-10-22,000925SZ,22.2,20.78,22.2,20.5,1845,3976570.75,7.62,-6.9,-1.54,0.62
565,2001-10-23,000925SZ,22.86,22.86,22.86,22.1,3207,7310117.5,3.66,10.01,2.08,1.07
566,2001-10-24,000925SZ,24.88,24.61,25.07,23.65,5081,12422192.0,6.21,7.66,1.75,1.69
567,2001-10-25,000925SZ,24.5,24.89,26.1,23.85,8198,20803428.0,9.14,1.14,0.28,2.73
568,2001-10-26,000925SZ,24.75,24.37,24.89,23.86,2213,5371428.5,4.14,-2.09,-0.52,0.74
569,2001-10-29,000925SZ,24.37,24.63,24.7,24.02,1125,2761395.5,2.79,1.07,0.26,0.38
570,2001-10-30,000925SZ,24.55,24.17,24.55,24.15,696,1688573.25,1.62,-1.87,-0.46,0.23
571,2001-10-31,000925SZ,24.1,24.03,24.3,23.86,1237,2968768.75,1.82,-0.58,-0.14,0.41
572,2001-11-01,000925SZ,24.11,24.58,24.67,24.11,1130,2766329.0,2.33,2.29,0.55,0.38
573,2001-11-02,000925SZ,24.0,24.16,24.5,24.0,567,1373423.0,2.03,-1.71,-0.42,0.19
574,2001-11-05,000925SZ,24.5,24.41,25.0,23.6,950,2295453.0,5.79,1.03,0.25,0.32
575,2001-11-06,000925SZ,24.29,23.95,24.3,23.9,747,1792836.0,1.64,-1.88,-0.46,0.25
576,2001-11-07,000925SZ,24.0,22.4,24.0,22.35,1303,2971310.75,6.89,-6.47,-1.55,0.43
577,2001-11-08,000925SZ,22.0,22.49,22.78,21.23,963,2131324.75,6.92,0.4,0.09,0.32
578,2001-11-09,000925SZ,22.4,23.0,23.3,21.9,1057,2391155.0,6.22,2.27,0.51,0.35
579,2001-11-12,000925SZ,22.9,22.55,22.92,22.5,379,861393.5,1.83,-1.96,-0.45,0.13
580,2001-11-13,000925SZ,22.35,22.09,22.58,22.02,398,885173.0,2.48,-2.04,-0.46,0.13
581,2001-11-14,000925SZ,22.0,22.05,22.35,22.0,321,712830.0,1.58,-0.18,-0.04,0.11
582,2001-11-15,000925SZ,22.0,22.17,22.46,22.0,198,439956.19,2.09,0.54,0.12,0.07
583,2001-11-16,000925SZ,24.38,22.93,24.38,22.87,1928,4518363.0,6.81,3.43,0.76,0.64
584,2001-11-19,000925SZ,23.0,23.5,23.5,22.81,1928,4518363.0,3.01,2.49,0.57,0.64
585,2001-11-20,000925SZ,23.49,23.81,24.09,23.49,503,1161581.0,2.55,1.32,0.31,0.17
586,2001-11-21,000925SZ,23.85,23.88,24.0,23.62,475,1130692.0,1.6,0.29,0.07,0.16
587,2001-11-22,000925SZ,24.0,24.0,24.04,23.77,820,1962300.0,1.13,0.5,0.12,0.27
588,2001-11-23,000925SZ,24.0,23.77,24.05,23.6,697,1663952.62,1.88,-0.96,-0.23,0.23
589,2001-11-26,000925SZ,23.5,23.47,23.78,23.32,387,910550.88,1.94,-1.26,-0.3,0.13
590,2001-11-27,000925SZ,23.43,23.87,23.95,23.43,341,810790.0,2.22,1.7,0.4,0.11
591,2001-11-28,000925SZ,23.98,24.36,24.97,23.83,1354,3314594.25,4.78,2.05,0.49,0.45
592,2001-11-29,000925SZ,24.21,24.49,24.8,24.21,984,2410928.0,2.42,0.53,0.13,0.33
593,2001-11-30,000925SZ,24.3,24.59,24.69,24.3,1263,3097729.0,1.59,0.41,0.1,0.42
594,2001-12-03,000925SZ,24.8,25.0,25.31,24.59,1533,3829466.75,2.93,1.67,0.41,0.51
595,2001-12-04,000925SZ,24.8,24.97,25.0,24.75,483,1201447.88,1.0,-0.12,-0.03,0.16
596,2001-12-05,000925SZ,24.9,24.18,24.98,24.0,1446,3527673.25,3.92,-3.16,-0.79,0.48
597,2001-12-06,000925SZ,24.18,24.35,24.58,24.18,941,2298721.75,1.65,0.7,0.17,0.31
598,2001-12-07,000925SZ,24.38,24.73,24.9,24.38,1240,3069005.25,2.14,1.56,0.38,0.41
599,2001-12-10,000925SZ,24.7,24.4,24.73,24.28,492,1202634.25,1.82,-1.33,-0.33,0.16
600,2001-12-11,000925SZ,24.41,24.05,24.6,24.03,566,1370223.0,2.34,-1.43,-0.35,0.19
601,2001-12-12,000925SZ,24.1,23.96,24.24,23.9,665,1598392.0,1.41,-0.37,-0.09,0.22
602,2001-12-13,000925SZ,23.9,23.58,24.09,23.58,523,1243912.0,2.13,-1.59,-0.38,0.17
603,2001-12-14,000925SZ,23.41,23.15,24.0,23.1,919,2141829.5,3.82,-1.82,-0.43,0.31
604,2001-12-17,000925SZ,23.15,22.9,23.15,22.88,345,794433.88,1.17,-1.08,-0.25,0.12
605,2001-12-18,000925SZ,23.0,23.33,23.68,22.85,406,937724.94,3.62,1.88,0.43,0.14
606,2001-12-19,000925SZ,23.3,22.96,23.5,22.91,386,900688.0,2.53,-1.59,-0.37,0.13
607,2001-12-20,000925SZ,22.96,22.48,22.96,22.47,897,2025010.5,2.13,-2.09,-0.48,0.3
608,2001-12-21,000925SZ,22.55,22.86,23.19,22.55,464,1062354.5,2.85,1.69,0.38,0.15
609,2001-12-24,000925SZ,22.65,22.1,23.38,22.0,1738,3886544.25,6.04,-3.32,-0.76,0.58
610,2001-12-25,000925SZ,22.3,22.3,22.4,22.1,512,1144637.0,1.36,0.9,0.2,0.17
611,2001-12-26,000925SZ,22.56,22.57,22.62,22.0,1312,2921001.0,2.78,1.21,0.27,0.44
612,2001-12-27,000925SZ,22.57,22.8,22.99,22.15,1223,2763097.75,3.72,1.02,0.23,0.41
613,2001-12-28,000925SZ,22.65,22.93,22.98,22.65,415,948934.38,1.45,0.57,0.13,0.14
614,2001-12-31,000925SZ,23.28,23.02,23.58,22.93,650,1510533.62,2.83,0.39,0.09,0.22
615,2002-01-04,000925SZ,22.59,22.21,22.8,22.18,515,1155165.5,2.69,-3.52,-0.81,0.17
616,2002-01-07,000925SZ,22.2,22.1,22.4,21.7,488,1082349.12,3.15,-0.5,-0.11,0.16
617,2002-01-08,000925SZ,22.3,22.0,22.4,22.0,246,543811.0,1.81,-0.45,-0.1,0.08
618,2002-01-09,000925SZ,21.8,21.82,22.02,21.6,550,1201650.75,1.91,-0.82,-0.18,0.18
619,2002-01-10,000925SZ,21.85,21.92,21.98,20.82,1179,2536981.5,5.32,0.46,0.1,0.39
620,2002-01-11,000925SZ,21.75,21.22,21.75,21.21,436,933906.0,2.46,-3.19,-0.7,0.15
621,2002-01-14,000925SZ,21.0,19.32,21.2,19.25,2466,4956655.0,9.19,-8.95,-1.9,0.82
622,2002-01-15,000925SZ,19.2,19.07,19.97,19.0,1301,2523547.25,5.02,-1.29,-0.25,0.43
623,2002-01-16,000925SZ,19.68,19.46,19.8,18.8,737,1416518.38,5.24,2.05,0.39,0.25
624,2002-01-17,000925SZ,19.68,18.41,19.68,18.4,763,1433334.62,6.58,-5.4,-1.05,0.25
625,2002-01-18,000925SZ,18.08,18.26,19.02,17.8,1305,2408657.0,6.63,-0.81,-0.15,0.44
626,2002-01-21,000925SZ,18.5,17.44,18.65,17.37,1385,2460009.25,7.01,-4.49,-0.82,0.46
627,2002-01-22,000925SZ,17.5,17.71,18.51,17.42,2096,3782958.5,6.25,1.55,0.27,0.7
628,2002-01-23,000925SZ,17.7,18.89,18.95,17.5,1795,3265883.25,8.19,6.66,1.18,0.6
629,2002-01-24,000925SZ,18.89,19.02,19.48,18.05,2280,4334313.0,7.57,0.69,0.13,0.76
630,2002-01-25,000925SZ,19.01,19.01,19.5,18.7,1213,2326002.0,4.21,-0.05,-0.01,0.4
631,2002-01-28,000925SZ,19.25,17.53,19.25,17.38,2069,3738394.75,9.84,-7.79,-1.48,0.69
632,2002-01-29,000925SZ,17.49,18.04,18.47,17.49,1431,2575606.25,5.59,2.91,0.51,0.48
633,2002-01-30,000925SZ,18.05,17.96,18.2,17.76,675,1214265.25,2.44,-0.44,-0.08,0.23
634,2002-01-31,000925SZ,18.1,19.63,19.75,18.1,4110,7888568.5,9.19,9.3,1.67,1.37
635,2002-02-01,000925SZ,19.51,19.96,20.31,19.28,3659,7251492.0,5.25,1.68,0.33,1.22
636,2002-02-04,000925SZ,19.8,20.03,20.14,19.48,1400,2783642.25,3.31,0.35,0.07,0.47
637,2002-02-05,000925SZ,20.03,19.79,20.1,19.55,1583,3129690.75,2.75,-1.2,-0.24,0.53
638,2002-02-06,000925SZ,19.66,19.21,19.89,19.2,1219,2379485.75,3.49,-2.93,-0.58,0.41
639,2002-02-07,000925SZ,19.21,19.92,20.28,19.21,3170,6339962.0,5.57,3.7,0.71,1.06
640,2002-02-08,000925SZ,20.2,19.77,20.3,19.76,1241,2486315.0,2.71,-0.75,-0.15,0.41
641,2002-02-25,000925SZ,20.2,20.06,20.5,19.9,1221,2454834.0,3.03,1.47,0.29,0.41
642,2002-02-26,000925SZ,20.0,19.78,20.06,19.5,716,1409431.5,2.79,-1.4,-0.28,0.24
643,2002-02-27,000925SZ,19.8,19.83,19.98,19.7,915,1814255.0,1.42,0.25,0.05,0.31
644,2002-02-28,000925SZ,19.85,19.76,20.26,19.7,891,1784418.12,2.82,-0.35,-0.07,0.3
645,2002-03-01,000925SZ,19.65,20.12,20.45,19.54,1746,3497929.0,4.61,1.82,0.36,0.58
646,2002-03-04,000925SZ,20.19,20.39,20.45,20.05,1207,2450846.75,1.99,1.34,0.27,0.4
647,2002-03-05,000925SZ,20.45,20.8,20.85,20.36,2079,4287948.0,2.4,2.01,0.41,0.69
648,2002-03-06,000925SZ,20.85,20.6,21.18,20.59,3042,6381480.5,2.84,-0.96,-0.2,1.01
649,2002-03-07,000925SZ,20.49,21.04,21.05,20.46,1960,4083069.75,2.86,2.14,0.44,0.65
650,2002-03-08,000925SZ,21.11,21.96,22.3,21.11,4112,8950074.0,5.66,4.37,0.92,1.37
651,2002-03-11,000925SZ,21.96,22.09,22.1,21.58,2267,4949155.5,2.37,0.59,0.13,0.76
652,2002-03-12,000925SZ,22.1,21.65,22.28,21.6,2263,4961890.0,3.08,-1.99,-0.44,0.75
653,2002-03-13,000925SZ,21.65,21.3,21.9,21.3,1603,3456473.25,2.77,-1.62,-0.35,0.53
654,2002-03-14,000925SZ,21.1,21.69,21.8,21.08,1628,3475418.75,3.38,1.83,0.39,0.54
655,2002-03-15,000925SZ,21.7,21.05,22.15,21.0,2408,5250725.5,5.3,-2.95,-0.64,0.8
656,2002-03-18,000925SZ,21.0,20.92,21.47,20.61,1214,2559144.5,4.09,-0.62,-0.13,0.4
657,2002-03-19,000925SZ,20.8,21.7,21.89,20.8,1610,3452316.25,5.21,3.73,0.78,0.54
658,2002-03-20,000925SZ,21.99,21.79,22.15,21.69,2144,4692410.5,2.12,0.41,0.09,0.71
659,2002-03-21,000925SZ,22.0,21.99,22.4,21.85,2673,5911691.0,2.52,0.92,0.2,0.89
660,2002-03-22,000925SZ,22.1,21.69,22.22,21.55,1182,2567802.0,3.05,-1.36,-0.3,0.39
661,2002-03-25,000925SZ,21.5,21.8,21.93,21.4,1502,3248332.75,2.44,0.51,0.11,0.5
662,2002-03-26,000925SZ,21.95,21.6,21.95,21.4,1402,3033530.25,2.52,-0.92,-0.2,0.47
663,2002-03-27,000925SZ,21.38,21.58,21.75,21.35,868,1872599.75,1.85,-0.09,-0.02,0.29
664,2002-03-28,000925SZ,21.6,21.6,21.65,21.4,666,1435215.88,1.16,0.09,0.02,0.22
665,2002-03-29,000925SZ,21.6,20.83,21.85,20.79,1326,2811957.0,4.91,-3.56,-0.77,0.44
666,2002-04-01,000925SZ,20.55,20.62,20.95,20.55,832,1718323.88,1.92,-1.01,-0.21,0.28
667,2002-04-02,000925SZ,20.7,19.99,20.8,19.91,1414,2860932.0,4.32,-3.06,-0.63,0.47
668,2002-04-03,000925SZ,20.01,20.1,20.39,20.0,760,1531200.88,1.95,0.55,0.11,0.25
669,2002-04-04,000925SZ,20.0,20.78,20.8,19.81,962,1962613.38,4.93,3.38,0.68,0.32
670,2002-04-05,000925SZ,20.78,20.45,21.18,20.3,1009,2088289.5,4.23,-1.59,-0.33,0.34
671,2002-04-08,000925SZ,20.78,20.69,20.93,20.48,467,962073.88,2.2,1.17,0.24,0.16
672,2002-04-09,000925SZ,20.5,20.72,20.96,20.5,1373,2848035.25,2.22,0.14,0.03,0.46
673,2002-04-10,000925SZ,20.76,21.15,21.52,20.75,2047,4352917.5,3.72,2.08,0.43,0.68
674,2002-04-11,000925SZ,21.11,20.53,21.11,20.5,1183,2464750.5,2.88,-2.93,-0.62,0.39
675,2002-04-12,000925SZ,20.5,20.85,20.96,20.5,582,1204861.0,2.24,1.56,0.32,0.19
676,2002-04-15,000925SZ,20.69,20.5,20.88,20.4,514,1055898.5,2.3,-1.68,-0.35,0.17
677,2002-04-16,000925SZ,20.5,20.61,21.18,20.5,522,1083410.25,3.32,0.54,0.11,0.17
678,2002-04-17,000925SZ,20.62,20.69,20.85,20.48,440,906439.5,1.8,0.39,0.08,0.15
679,2002-04-18,000925SZ,20.6,20.45,20.76,20.4,387,793418.25,1.74,-1.16,-0.24,0.13
680,2002-04-19,000925SZ,20.45,20.4,20.48,20.0,993,2005754.75,2.35,-0.24,-0.05,0.33
681,2002-04-22,000925SZ,20.2,20.11,20.42,19.9,960,1930908.75,2.55,-1.42,-0.29,0.32
682,2002-04-23,000925SZ,20.0,20.08,20.43,20.0,360,726851.5,2.14,-0.15,-0.03,0.12
683,2002-04-24,000925SZ,20.1,19.76,20.1,19.71,522,1039998.88,1.94,-1.59,-0.32,0.17
684,2002-04-25,000925SZ,19.78,19.9,19.98,19.78,351,697256.56,1.01,0.71,0.14,0.12
685,2002-04-26,000925SZ,19.9,20.25,20.35,19.9,433,876042.38,2.26,1.76,0.35,0.14
686,2002-04-29,000925SZ,20.5,20.79,20.85,20.15,1310,2718718.25,3.46,2.67,0.54,0.44
687,2002-04-30,000925SZ,20.95,20.72,21.0,20.67,708,1473716.0,1.59,-0.34,-0.07,0.24
688,2002-05-08,000925SZ,20.82,20.61,20.82,20.45,989,2033904.25,1.79,-0.53,-0.11,0.33
689,2002-05-09,000925SZ,20.6,20.6,20.7,20.5,937,1933043.0,0.97,-0.05,-0.01,0.31
690,2002-05-10,000925SZ,20.6,20.53,20.8,20.38,403,832026.19,2.04,-0.34,-0.07,0.13
691,2002-05-13,000925SZ,20.32,20.26,20.64,20.2,658,1337083.0,2.14,-1.32,-0.27,0.22
692,2002-05-14,000925SZ,20.35,20.54,21.26,20.2,1598,3323256.25,5.23,1.38,0.28,0.53
693,2002-05-15,000925SZ,20.51,20.05,20.66,20.05,511,1041933.5,2.97,-2.39,-0.49,0.17
694,2002-05-16,000925SZ,20.02,19.64,20.29,19.6,975,1939913.0,3.44,-2.04,-0.41,0.33
695,2002-05-17,000925SZ,19.54,19.9,20.18,19.31,830,1638541.88,4.43,1.32,0.26,0.28
696,2002-05-20,000925SZ,19.6,19.47,19.9,19.3,998,1948095.75,3.02,-2.16,-0.43,0.33
697,2002-05-21,000925SZ,20.01,20.19,20.58,19.75,1309,2641368.0,4.26,3.7,0.72,0.44
698,2002-05-22,000925SZ,20.3,19.78,20.3,19.1,880,1771762.5,5.94,-2.03,-0.41,0.29
699,2002-05-24,000925SZ,19.78,19.5,20.0,19.36,480,940955.44,3.24,-1.42,-0.28,0.16
700,2002-05-27,000925SZ,19.69,19.78,20.01,19.5,203,400290.25,2.62,1.44,0.28,0.07
701,2002-05-28,000925SZ,19.9,19.71,20.16,19.6,378,754454.94,2.83,-0.35,-0.07,0.13
702,2002-05-29,000925SZ,19.5,19.42,19.65,19.3,611,1190760.0,1.78,-1.47,-0.29,0.2
703,2002-05-30,000925SZ,19.5,20.09,21.27,19.31,3525,7061197.0,10.09,3.45,0.67,1.18
704,2002-05-31,000925SZ,19.71,19.77,20.1,19.71,951,1893112.88,1.94,-1.59,-0.32,0.32
705,2002-06-03,000925SZ,19.6,19.11,19.61,19.1,855,1657537.0,2.58,-3.34,-0.66,0.29
706,2002-06-04,000925SZ,19.4,19.09,19.4,18.85,708,1347318.5,2.88,-0.1,-0.02,0.24
707,2002-06-05,000925SZ,19.05,18.65,19.05,18.52,716,1338002.0,2.78,-2.3,-0.44,0.24
708,2002-06-06,000925SZ,18.6,19.27,19.69,18.27,1238,2333547.25,7.61,3.32,0.62,0.41
709,2002-06-07,000925SZ,19.5,19.46,19.75,19.0,955,1866316.25,3.89,0.99,0.19,0.32
710,2002-06-10,000925SZ,19.22,19.17,19.46,19.15,284,547899.56,1.59,-1.49,-0.29,0.09
711,2002-06-11,000925SZ,19.3,19.32,19.48,19.18,384,744828.62,1.56,0.78,0.15,0.13
712,2002-06-12,000925SZ,19.28,19.13,19.33,19.05,243,465173.0,1.45,-0.98,-0.19,0.08
713,2002-06-13,000925SZ,19.3,19.13,19.4,19.11,233,447866.0,1.52,0.0,0.0,0.08
714,2002-06-14,000925SZ,19.15,18.8,19.15,18.6,383,724610.0,2.88,-1.73,-0.33,0.13
715,2002-06-17,000925SZ,18.62,18.88,18.95,18.53,429,805576.38,2.23,0.43,0.08,0.14
716,2002-06-18,000925SZ,19.0,19.41,19.5,18.99,288,556048.62,2.7,2.81,0.53,0.1
717,2002-06-19,000925SZ,19.31,19.07,19.31,19.02,228,437400.47,1.49,-1.75,-0.34,0.08
718,2002-06-20,000925SZ,18.85,19.07,19.49,18.85,229,438889.19,3.36,0.0,0.0,0.08
719,2002-06-21,000925SZ,19.28,19.62,19.68,19.18,1178,2300452.75,2.62,2.88,0.55,0.39
720,2002-06-24,000925SZ,21.58,21.58,21.58,20.59,9526,20303152.0,5.05,9.99,1.96,3.18
721,2002-06-25,000925SZ,21.58,21.03,21.68,21.0,4051,8642570.0,3.15,-2.55,-0.55,1.35
722,2002-06-26,000925SZ,20.85,21.33,21.95,20.48,3853,8192348.0,6.99,1.43,0.3,1.28
723,2002-06-27,000925SZ,21.18,21.22,21.5,21.11,1259,2677197.75,1.83,-0.52,-0.11,0.42
724,2002-06-28,000925SZ,21.0,20.91,21.5,20.58,1670,3521489.25,4.34,-1.46,-0.31,0.56
725,2002-07-01,000925SZ,21.2,21.2,21.5,20.8,1843,3916370.25,3.35,1.39,0.29,0.61
726,2002-07-02,000925SZ,21.1,21.18,21.25,20.93,534,1126988.0,1.51,-0.09,-0.02,0.18
727,2002-07-03,000925SZ,21.2,21.0,21.25,20.9,699,1472907.25,1.65,-0.85,-0.18,0.23
728,2002-07-04,000925SZ,20.95,20.81,21.43,20.78,700,1464225.5,3.1,-0.9,-0.19,0.23
729,2002-07-05,000925SZ,20.81,20.81,20.81,20.62,333,692073.19,0.91,0.0,0.0,0.11
730,2002-07-08,000925SZ,20.85,20.82,21.0,20.78,757,1580095.0,1.06,0.05,0.01,0.25
731,2002-07-09,000925SZ,20.82,20.9,21.0,20.78,442,923694.75,1.06,0.38,0.08,0.15
732,2002-07-10,000925SZ,20.85,20.48,20.85,20.45,925,1906282.88,1.91,-2.01,-0.42,0.31
733,2002-07-11,000925SZ,20.48,20.38,20.6,20.35,614,1256752.0,1.22,-0.49,-0.1,0.2
734,2002-07-12,000925SZ,20.4,20.37,20.48,20.31,470,959963.94,0.83,-0.05,-0.01,0.16
735,2002-07-15,000925SZ,20.3,20.32,20.6,20.3,494,1007010.81,1.47,-0.25,-0.05,0.16
736,2002-07-16,000925SZ,20.58,20.38,20.6,20.31,685,1400972.62,1.43,0.3,0.06,0.23
737,2002-07-17,000925SZ,20.35,20.48,20.5,20.3,596,1215722.62,0.98,0.49,0.1,0.2
738,2002-07-18,000925SZ,20.52,20.4,20.52,20.4,414,846448.0,0.59,-0.39,-0.08,0.14
739,2002-07-19,000925SZ,20.5,20.42,20.68,20.36,370,756062.0,1.57,0.1,0.02,0.12
740,2002-07-22,000925SZ,20.43,20.23,20.43,19.9,906,1824142.12,2.6,-0.93,-0.19,0.3
741,2002-07-23,000925SZ,20.14,20.05,20.23,20.02,322,648412.5,1.04,-0.89,-0.18,0.11
742,2002-07-24,000925SZ,20.2,19.93,20.2,19.86,400,797943.0,1.7,-0.6,-0.12,0.13
743,2002-07-25,000925SZ,20.0,19.9,20.07,19.81,191,382057.97,1.3,-0.15,-0.03,0.06
744,2002-07-26,000925SZ,19.92,19.97,20.0,19.8,352,701655.38,1.01,0.35,0.07,0.12
745,2002-07-29,000925SZ,19.8,19.87,19.95,19.7,440,871533.94,1.25,-0.5,-0.1,0.15
746,2002-07-30,000925SZ,20.1,19.94,20.2,19.87,362,723401.0,1.66,0.35,0.07,0.12
747,2002-07-31,000925SZ,19.94,19.76,19.94,19.74,320,634305.25,1.0,-0.9,-0.18,0.11
748,2002-08-01,000925SZ,19.72,19.95,20.0,19.72,367,729868.5,1.42,0.96,0.19,0.12
749,2002-08-02,000925SZ,20.0,20.2,20.2,19.89,437,876818.0,1.55,1.25,0.25,0.15
750,2002-08-05,000925SZ,20.2,20.04,20.2,19.92,195,391540.81,1.39,-0.79,-0.16,0.07
751,2002-08-06,000925SZ,20.03,20.01,20.15,19.89,298,599188.62,1.3,-0.15,-0.03,0.1
752,2002-08-07,000925SZ,19.95,20.03,20.14,19.8,192,384412.59,1.7,0.1,0.02,0.06
753,2002-08-08,000925SZ,20.06,19.84,20.1,19.8,235,467798.0,1.5,-0.95,-0.19,0.08
754,2002-08-09,000925SZ,19.72,19.5,19.77,19.45,434,851286.0,1.61,-1.71,-0.34,0.14
755,2002-08-12,000925SZ,19.45,19.2,19.45,19.2,376,724530.0,1.28,-1.54,-0.3,0.13
756,2002-08-13,000925SZ,19.37,19.25,19.37,19.06,133,256254.5,1.61,0.26,0.05,0.04
757,2002-08-14,000925SZ,19.25,19.35,19.38,19.25,137,264891.69,0.68,0.52,0.1,0.05
758,2002-08-15,000925SZ,19.45,19.24,19.45,19.15,247,475628.0,1.55,-0.57,-0.11,0.08
759,2002-08-16,000925SZ,19.2,19.43,19.45,19.0,332,640499.75,2.34,0.99,0.19,0.11
760,2002-08-19,000925SZ,19.23,19.64,19.75,19.23,751,1471387.12,2.68,1.08,0.21,0.25
761,2002-08-20,000925SZ,19.62,19.75,19.77,19.5,537,1058389.12,1.37,0.56,0.11,0.18
762,2002-08-21,000925SZ,19.71,20.43,20.48,19.61,1724,3481495.0,4.41,3.44,0.68,0.57
763,2002-08-22,000925SZ,20.4,20.82,21.4,20.39,6453,13562728.0,4.94,1.91,0.39,2.15
764,2002-08-23,000925SZ,20.82,20.8,20.9,20.55,1162,2407954.75,1.68,-0.1,-0.02,0.39
765,2002-08-26,000925SZ,20.83,21.68,21.88,20.8,9454,20390978.0,5.19,4.23,0.88,3.15
766,2002-08-27,000925SZ,21.68,23.53,23.85,21.67,26917,62132664.0,10.06,8.53,1.85,8.97
767,2002-08-28,000925SZ,23.39,22.43,23.39,22.31,11375,25870910.0,4.59,-4.67,-1.1,3.79
768,2002-08-29,000925SZ,22.18,21.6,22.64,21.35,6558,14316240.0,5.75,-3.7,-0.83,2.19
769,2002-08-30,000925SZ,21.6,21.57,22.0,21.4,2790,6067674.5,2.78,-0.14,-0.03,0.93
770,2002-09-02,000925SZ,21.7,21.71,21.82,21.58,1430,3101025.25,1.11,0.65,0.14,0.48
771,2002-09-03,000925SZ,21.8,22.11,22.59,21.7,3635,8080280.5,4.1,1.84,0.4,1.21
772,2002-09-04,000925SZ,22.0,21.47,22.23,21.41,2803,6085947.0,3.71,-2.89,-0.64,0.93
773,2002-09-05,000925SZ,21.4,21.19,21.8,21.1,2664,5713099.0,3.26,-1.3,-0.28,0.89
774,2002-09-06,000925SZ,21.1,21.13,21.43,21.0,1377,2923082.25,2.03,-0.28,-0.06,0.46
775,2002-09-09,000925SZ,21.0,21.49,21.75,21.0,2245,4816691.5,3.55,1.7,0.36,0.75
776,2002-09-10,000925SZ,21.45,21.35,21.69,21.15,666,1420862.25,2.51,-0.65,-0.14,0.22
777,2002-09-11,000925SZ,21.36,21.07,21.45,20.86,1526,3214581.5,2.76,-1.31,-0.28,0.51
778,2002-09-12,000925SZ,21.27,21.47,21.68,21.0,1800,3850733.0,3.23,1.9,0.4,0.6
779,2002-09-13,000925SZ,21.51,21.92,22.25,21.51,4321,9465806.0,3.45,2.1,0.45,1.44
780,2002-09-16,000925SZ,21.95,21.56,21.99,21.41,1628,3520528.5,2.65,-1.64,-0.36,0.54
781,2002-09-17,000925SZ,21.66,21.69,21.83,21.05,1760,3781178.5,3.62,0.6,0.13,0.59
782,2002-09-18,000925SZ,21.52,21.6,22.0,21.5,1677,3658949.5,2.31,-0.41,-0.09,0.56
783,2002-09-19,000925SZ,21.3,21.76,21.77,21.2,1543,3323232.0,2.64,0.74,0.16,0.51
784,2002-09-20,000925SZ,21.75,21.41,21.75,21.38,1268,2726386.0,1.7,-1.61,-0.35,0.42
785,2002-09-23,000925SZ,21.41,21.34,21.64,21.3,839,1797405.62,1.59,-0.33,-0.07,0.28
786,2002-09-24,000925SZ,21.3,21.35,21.75,21.25,1105,2379114.5,2.34,0.05,0.01,0.37
787,2002-09-25,000925SZ,21.3,20.92,21.49,20.9,1817,3848924.25,2.76,-2.01,-0.43,0.61
788,2002-09-26,000925SZ,20.92,20.2,21.0,20.16,2549,5251011.5,4.02,-3.44,-0.72,0.85
789,2002-09-27,000925SZ,20.2,20.37,20.53,20.2,958,1953245.5,1.63,0.84,0.17,0.32
790,2002-10-08,000925SZ,20.3,20.04,20.3,19.85,573,1151416.5,2.21,-1.62,-0.33,0.19
791,2002-10-09,000925SZ,20.04,19.68,20.08,19.59,963,1902614.38,2.45,-1.8,-0.36,0.32
792,2002-10-10,000925SZ,19.68,19.7,19.82,19.58,489,965830.0,1.22,0.1,0.02,0.16
793,2002-10-11,000925SZ,19.58,19.8,19.91,19.58,480,948421.81,1.68,0.51,0.1,0.16
794,2002-10-14,000925SZ,19.72,19.6,19.76,19.31,677,1322896.25,2.27,-1.01,-0.2,0.23
795,2002-10-15,000925SZ,19.88,19.65,19.88,19.6,635,1251488.38,1.43,0.26,0.05,0.21
796,2002-10-16,000925SZ,19.69,19.92,20.2,19.69,572,1140071.38,2.6,1.37,0.27,0.19
797,2002-10-17,000925SZ,19.9,19.4,20.0,19.38,824,1617706.5,3.11,-2.61,-0.52,0.27
798,2002-10-18,000925SZ,19.45,19.4,19.49,19.21,783,1515300.25,1.44,0.0,0.0,0.26
799,2002-10-21,000925SZ,19.45,19.4,19.45,19.2,409,792037.81,1.29,0.0,0.0,0.14
800,2002-10-22,000925SZ,19.4,20.0,20.33,19.4,1518,3041494.5,4.79,3.09,0.6,0.51
801,2002-10-23,000925SZ,20.02,19.93,20.02,19.72,436,864112.81,1.5,-0.35,-0.07,0.15
802,2002-10-24,000925SZ,20.21,20.0,20.44,19.81,1442,2914018.75,3.16,0.35,0.07,0.48
803,2002-10-25,000925SZ,20.09,19.6,20.09,19.5,657,1296776.38,2.95,-2.0,-0.4,0.22
804,2002-10-28,000925SZ,19.42,19.12,19.51,19.1,1028,1981649.0,2.09,-2.45,-0.48,0.34
805,2002-10-29,000925SZ,19.01,19.41,19.49,19.0,672,1291529.12,2.56,1.52,0.29,0.22
806,2002-10-30,000925SZ,19.25,19.06,19.25,19.0,971,1851434.75,1.29,-1.8,-0.35,0.32
807,2002-10-31,000925SZ,19.2,19.04,19.34,19.0,764,1460495.0,1.78,-0.1,-0.02,0.25
808,2002-11-01,000925SZ,19.1,18.99,19.21,18.68,769,1455231.0,2.78,-0.26,-0.05,0.26
809,2002-11-04,000925SZ,19.2,19.39,19.4,19.0,820,1574575.88,2.11,2.11,0.4,0.27
810,2002-11-05,000925SZ,19.4,19.61,19.83,19.15,990,1938772.12,3.51,1.13,0.22,0.33
811,2002-11-06,000925SZ,19.58,19.58,19.67,19.53,434,851246.5,0.71,-0.15,-0.03,0.14
812,2002-11-07,000925SZ,19.68,19.58,19.8,19.48,328,644244.69,1.63,0.0,0.0,0.11
813,2002-11-08,000925SZ,19.55,19.03,19.89,18.98,770,1482796.88,4.65,-2.81,-0.55,0.26
814,2002-11-12,000925SZ,18.99,18.2,19.02,18.19,1570,2897432.0,4.36,-4.36,-0.83,0.52
815,2002-11-13,000925SZ,18.25,18.33,18.38,17.71,1319,2383275.0,3.68,0.71,0.13,0.44
816,2002-11-14,000925SZ,18.3,17.85,18.6,17.85,947,1712858.12,4.09,-2.62,-0.48,0.32
817,2002-11-15,000925SZ,17.8,18.08,18.35,17.79,705,1276388.5,3.14,1.29,0.23,0.24
818,2002-11-18,000925SZ,17.8,17.81,18.0,17.48,652,1161165.5,2.88,-1.49,-0.27,0.22
819,2002-11-19,000925SZ,18.0,18.0,18.05,17.82,322,577964.25,1.29,1.07,0.19,0.11
820,2002-11-20,000925SZ,17.95,17.71,17.98,17.65,416,739843.94,1.83,-1.61,-0.29,0.14
821,2002-11-21,000925SZ,17.71,17.4,17.8,17.38,983,1726861.38,2.37,-1.75,-0.31,0.33
822,2002-11-22,000925SZ,17.4,17.15,17.51,16.81,927,1597550.88,4.02,-1.44,-0.25,0.31
823,2002-11-25,000925SZ,17.2,17.0,17.49,16.6,427,728584.0,5.19,-0.87,-0.15,0.14
824,2002-11-26,000925SZ,17.2,16.7,17.23,16.7,748,1262283.0,3.12,-1.76,-0.3,0.25
825,2002-11-27,000925SZ,16.6,16.7,16.78,16.4,844,1398662.38,2.28,0.0,0.0,0.28
826,2002-11-28,000925SZ,16.7,17.44,17.45,16.62,1042,1782946.0,4.97,4.43,0.74,0.35
827,2002-11-29,000925SZ,17.38,17.61,18.0,17.35,1789,3186516.0,3.73,0.97,0.17,0.6
828,2002-12-02,000925SZ,17.07,17.0,17.5,17.0,488,840171.0,2.84,-3.46,-0.61,0.16
829,2002-12-03,000925SZ,16.8,17.2,17.36,16.8,304,522504.12,3.29,1.18,0.2,0.1
830,2002-12-04,000925SZ,17.1,17.29,17.48,17.1,293,510583.25,2.21,0.52,0.09,0.1
831,2002-12-05,000925SZ,17.1,17.21,17.35,16.89,334,572671.56,2.66,-0.46,-0.08,0.11
832,2002-12-06,000925SZ,17.05,17.05,17.2,17.0,199,341772.0,1.16,-0.93,-0.16,0.07
833,2002-12-09,000925SZ,17.2,17.0,17.26,16.9,292,497180.5,2.11,-0.29,-0.05,0.1
834,2002-12-10,000925SZ,16.81,16.75,17.19,16.68,514,864916.69,3.0,-1.47,-0.25,0.17
835,2002-12-11,000925SZ,16.6,16.71,16.89,16.6,349,584972.5,1.73,-0.24,-0.04,0.12
836,2002-12-12,000925SZ,16.71,16.85,17.1,16.71,399,678458.5,2.33,0.84,0.14,0.13
837,2002-12-13,000925SZ,16.8,17.0,17.1,16.8,218,369053.0,1.78,0.89,0.15,0.07
838,2002-12-16,000925SZ,17.0,17.1,17.14,16.82,467,796009.5,1.88,0.59,0.1,0.16
839,2002-12-17,000925SZ,17.01,17.19,17.28,16.92,598,1022658.0,2.11,0.53,0.09,0.2
840,2002-12-18,000925SZ,17.15,17.3,17.45,17.0,771,1337778.25,2.62,0.64,0.11,0.26
841,2002-12-19,000925SZ,17.18,17.04,17.35,16.9,510,866619.0,2.6,-1.5,-0.26,0.17
842,2002-12-20,000925SZ,17.04,17.52,17.8,16.98,1000,1746736.0,4.81,2.82,0.48,0.33
843,2002-12-23,000925SZ,17.5,17.46,17.8,17.39,542,954428.31,2.34,-0.34,-0.06,0.18
844,2002-12-24,000925SZ,17.38,17.35,17.38,17.17,335,579233.38,1.2,-0.63,-0.11,0.11
845,2002-12-25,000925SZ,17.4,17.21,17.43,17.17,593,1023956.38,1.5,-0.81,-0.14,0.2
846,2002-12-26,000925SZ,17.13,16.83,17.43,16.83,810,1379341.5,3.49,-2.21,-0.38,0.27
847,2002-12-27,000925SZ,16.84,16.88,17.12,16.7,552,934523.69,2.5,0.3,0.05,0.18
848,2002-12-30,000925SZ,16.81,16.67,17.0,16.67,634,1061272.88,1.95,-1.24,-0.21,0.21
849,2002-12-31,000925SZ,16.77,16.68,17.0,16.68,565,951943.81,1.92,0.06,0.01,0.19
850,2003-01-02,000925SZ,16.61,16.07,16.68,16.05,940,1533296.0,3.78,-3.66,-0.61,0.31
851,2003-01-03,000925SZ,16.02,16.0,16.18,15.85,487,779144.88,2.05,-0.44,-0.07,0.16
852,2003-01-06,000925SZ,16.0,16.02,16.2,15.5,1116,1760849.0,4.38,0.13,0.02,0.37
853,2003-01-07,000925SZ,16.05,16.08,16.45,15.86,598,967907.5,3.68,0.37,0.06,0.2
854,2003-01-08,000925SZ,16.1,16.4,16.5,16.1,771,1261698.38,2.49,1.99,0.32,0.26
855,2003-01-09,000925SZ,16.5,16.73,16.9,16.31,1055,1756104.0,3.6,2.01,0.33,0.35
856,2003-01-10,000925SZ,16.65,16.53,16.8,16.5,581,971621.0,1.79,-1.2,-0.2,0.19
857,2003-01-13,000925SZ,16.42,16.49,16.73,16.2,416,686499.38,3.21,-0.24,-0.04,0.14
858,2003-01-14,000925SZ,16.5,17.25,17.43,16.5,1811,3099668.75,5.64,4.61,0.76,0.6
859,2003-01-15,000925SZ,17.48,17.62,18.79,17.26,3990,7180381.0,8.87,2.14,0.37,1.33
860,2003-01-16,000925SZ,17.62,18.0,18.2,17.51,1709,3063162.0,3.92,2.16,0.38,0.57
861,2003-01-17,000925SZ,18.0,17.7,18.1,17.66,1228,2181523.0,2.44,-1.67,-0.3,0.41
862,2003-01-20,000925SZ,17.52,17.7,17.96,17.33,768,1357959.62,3.56,0.0,0.0,0.26
863,2003-01-21,000925SZ,17.5,17.36,17.86,17.35,718,1267077.25,2.88,-1.92,-0.34,0.24
864,2003-01-22,000925SZ,17.33,17.44,17.48,17.31,516,898586.0,0.98,0.46,0.08,0.17
865,2003-01-23,000925SZ,17.4,17.28,17.62,17.2,571,989750.0,2.41,-0.92,-0.16,0.19
866,2003-01-24,000925SZ,17.2,17.4,17.45,17.13,442,766659.12,1.85,0.69,0.12,0.15
867,2003-01-27,000925SZ,17.4,17.53,17.6,17.3,693,1212684.0,1.72,0.75,0.13,0.23
868,2003-01-28,000925SZ,17.43,17.67,17.7,17.4,704,1233363.25,1.71,0.8,0.14,0.23
869,2003-01-29,000925SZ,17.7,17.61,17.75,17.59,606,1070652.38,0.91,-0.34,-0.06,0.2
870,2003-02-10,000925SZ,17.2,17.21,17.58,17.2,595,1028649.0,2.16,-2.27,-0.4,0.2
871,2003-02-11,000925SZ,17.21,17.23,17.38,17.2,348,600944.94,1.05,0.12,0.02,0.12
872,2003-02-12,000925SZ,17.28,17.49,17.5,17.23,848,1473543.62,1.57,1.51,0.26,0.28
873,2003-02-13,000925SZ,17.61,17.5,17.92,17.46,1329,2350052.25,2.63,0.06,0.01,0.44
874,2003-02-14,000925SZ,17.41,17.6,17.8,17.41,677,1191810.75,2.23,0.57,0.1,0.23
875,2003-02-17,000925SZ,17.98,17.6,18.0,17.51,861,1526316.0,2.78,0.0,0.0,0.29
876,2003-02-18,000925SZ,17.92,17.6,17.92,17.6,456,809524.62,1.82,0.0,0.0,0.15
877,2003-02-19,000925SZ,17.61,17.72,17.78,17.6,386,683205.25,1.02,0.68,0.12,0.13
878,2003-02-20,000925SZ,17.71,17.62,17.88,17.61,473,839063.06,1.52,-0.56,-0.1,0.16
879,2003-02-21,000925SZ,17.6,17.26,17.6,17.2,619,1073171.75,2.27,-2.04,-0.36,0.21
880,2003-02-24,000925SZ,17.2,17.39,17.59,17.2,628,1098945.12,2.26,0.75,0.13,0.21
881,2003-02-25,000925SZ,17.42,18.05,18.34,17.4,2458,4404944.5,5.41,3.8,0.66,0.82
882,2003-02-26,000925SZ,18.05,17.79,18.1,17.75,1201,2144953.0,1.94,-1.44,-0.26,0.4
883,2003-02-27,000925SZ,18.3,18.0,18.3,17.79,1553,2791400.75,2.87,1.18,0.21,0.52
884,2003-02-28,000925SZ,18.0,18.0,18.1,17.71,854,1533085.5,2.17,0.0,0.0,0.28
885,2003-03-03,000925SZ,18.01,18.14,18.17,17.82,1370,2478375.0,1.94,0.78,0.14,0.46
886,2003-03-04,000925SZ,18.13,17.88,18.13,17.85,1131,2028834.38,1.54,-1.43,-0.26,0.38
887,2003-03-05,000925SZ,17.9,17.78,17.9,17.62,559,992830.38,1.57,-0.56,-0.1,0.19
888,2003-03-06,000925SZ,17.7,17.45,17.85,17.4,577,1014786.12,2.53,-1.86,-0.33,0.19
889,2003-03-07,000925SZ,17.45,17.3,17.5,17.2,560,974638.19,1.72,-0.86,-0.15,0.19
890,2003-03-10,000925SZ,17.21,17.05,17.31,17.0,910,1562646.25,1.79,-1.45,-0.25,0.3
891,2003-03-11,000925SZ,17.05,17.05,17.16,17.02,521,889227.69,0.82,0.0,0.0,0.17
892,2003-03-12,000925SZ,17.06,16.92,17.12,16.81,728,1236244.88,1.82,-0.76,-0.13,0.24
893,2003-03-13,000925SZ,16.95,16.9,17.0,16.82,466,789279.5,1.06,-0.12,-0.02,0.16
894,2003-03-14,000925SZ,16.83,16.85,17.0,16.83,290,490232.0,1.01,-0.3,-0.05,0.1
895,2003-03-17,000925SZ,16.8,16.78,16.88,16.6,819,1369004.25,1.66,-0.42,-0.07,0.27
896,2003-03-18,000925SZ,16.79,16.66,16.99,16.65,443,746160.81,2.03,-0.72,-0.12,0.15
897,2003-03-19,000925SZ,16.65,16.8,17.0,16.6,504,844415.94,2.4,0.84,0.14,0.17
898,2003-03-20,000925SZ,16.68,16.67,16.82,16.67,369,618045.88,0.89,-0.77,-0.13,0.12
899,2003-03-21,000925SZ,16.67,16.78,16.89,16.67,402,675596.69,1.32,0.66,0.11,0.13
900,2003-03-24,000925SZ,16.98,16.88,17.01,16.78,318,537366.0,1.37,0.6,0.1,0.11
901,2003-03-25,000925SZ,16.8,16.59,16.8,16.5,492,817101.88,1.78,-1.72,-0.29,0.16
902,2003-03-26,000925SZ,16.5,16.33,16.6,16.28,453,742337.62,1.93,-1.57,-0.26,0.15
903,2003-03-27,000925SZ,16.33,16.75,16.94,15.99,981,1598483.88,5.82,2.57,0.42,0.33
904,2003-03-28,000925SZ,16.8,16.51,16.85,16.51,548,915478.81,2.03,-1.43,-0.24,0.18
905,2003-03-31,000925SZ,16.45,16.51,16.59,16.22,868,1425149.5,2.24,0.0,0.0,0.29
906,2003-04-01,000925SZ,16.5,16.56,16.8,16.45,714,1190371.25,2.12,0.3,0.05,0.24
907,2003-04-02,000925SZ,16.7,16.63,16.8,16.56,380,633130.0,1.45,0.42,0.07,0.13
908,2003-04-03,000925SZ,16.6,16.63,16.7,16.52,337,562120.62,1.08,0.0,0.0,0.11
909,2003-04-04,000925SZ,16.67,16.7,16.85,16.53,339,565867.5,1.92,0.42,0.07,0.11
910,2003-04-07,000925SZ,16.31,16.44,16.79,16.31,414,687470.62,2.87,-1.56,-0.26,0.14
911,2003-04-08,000925SZ,16.3,16.51,16.78,16.3,494,816802.56,2.92,0.43,0.07,0.16
912,2003-04-09,000925SZ,16.47,16.26,16.58,15.99,1079,1759517.75,3.57,-1.51,-0.25,0.36
913,2003-04-10,000925SZ,16.3,16.38,16.56,16.08,1554,2527725.25,2.95,0.74,0.12,0.52
914,2003-04-11,000925SZ,16.38,16.67,16.7,16.38,1067,1761738.75,1.95,1.77,0.29,0.36
915,2003-04-14,000925SZ,16.8,17.08,17.12,16.7,2203,3740548.25,2.52,2.46,0.41,0.73
916,2003-04-15,000925SZ,17.09,17.28,17.32,17.09,1710,2944993.25,1.35,1.17,0.2,0.57
917,2003-04-16,000925SZ,17.28,16.8,17.28,16.78,2456,4160305.0,2.89,-2.78,-0.48,0.82
918,2003-04-17,000925SZ,16.8,16.56,16.8,16.32,1704,2830574.0,2.86,-1.43,-0.24,0.57
919,2003-04-18,000925SZ,16.7,16.4,16.87,16.38,1211,2006822.25,2.96,-0.97,-0.16,0.4
920,2003-04-21,000925SZ,16.4,16.18,16.5,16.15,1314,2137100.5,2.13,-1.34,-0.22,0.44
921,2003-04-22,000925SZ,16.19,16.23,16.28,16.0,1285,2072587.25,1.73,0.31,0.05,0.43
922,2003-04-23,000925SZ,16.3,15.98,16.31,15.95,1091,1750542.0,2.22,-1.54,-0.25,0.36
923,2003-04-24,000925SZ,15.95,15.75,16.15,15.58,1385,2187752.0,3.57,-1.44,-0.23,0.46
924,2003-04-25,000925SZ,15.6,15.43,15.9,15.42,877,1367484.38,3.05,-2.03,-0.32,0.29
925,2003-04-28,000925SZ,15.4,14.98,15.4,14.58,2405,3566971.25,5.31,-2.92,-0.45,0.8
926,2003-04-29,000925SZ,14.9,14.9,15.15,14.58,956,1422706.62,3.81,-0.53,-0.08,0.32
927,2003-04-30,000925SZ,14.8,14.47,14.9,14.3,1707,2475179.0,4.03,-2.89,-0.43,0.57
928,2003-05-12,000925SZ,14.31,13.79,14.5,13.75,1926,2687278.5,5.18,-4.7,-0.68,0.64
929,2003-05-13,000925SZ,13.77,13.14,13.79,12.85,2526,3311249.25,6.82,-4.71,-0.65,0.84
930,2003-05-14,000925SZ,13.01,13.52,13.6,13.01,1158,1560323.62,4.49,2.89,0.38,0.39
931,2003-05-15,000925SZ,13.52,14.52,14.8,13.52,2300,3291798.75,9.47,7.4,1.0,0.77
932,2003-05-16,000925SZ,14.52,14.27,14.9,14.25,1487,2150833.75,4.48,-1.72,-0.25,0.5
933,2003-05-19,000925SZ,14.4,14.6,14.71,14.26,1209,1763776.88,3.15,2.31,0.33,0.4
934,2003-05-21,000925SZ,14.2,14.3,14.98,14.2,776,1122273.38,5.34,-2.05,-0.3,0.26
935,2003-05-22,000925SZ,14.3,14.36,14.5,14.18,292,417868.5,2.24,0.42,0.06,0.1
936,2003-05-23,000925SZ,14.49,14.51,14.8,14.25,1611,2334548.5,3.83,1.04,0.15,0.54
937,2003-05-26,000925SZ,14.51,14.49,14.8,14.49,915,1335900.5,2.14,-0.14,-0.02,0.31
938,2003-05-27,000925SZ,14.5,14.64,14.9,14.31,1700,2504665.0,4.07,1.04,0.15,0.57
939,2003-05-28,000925SZ,14.64,14.7,14.86,14.58,1177,1731247.62,1.91,0.41,0.06,0.39
940,2003-05-29,000925SZ,14.72,15.1,15.16,14.61,2433,3655645.0,3.74,2.72,0.4,0.81
941,2003-05-30,000925SZ,15.1,15.26,15.3,15.01,2058,3131948.0,1.92,1.06,0.16,0.69
942,2003-06-02,000925SZ,15.2,15.13,15.35,15.02,1134,1725194.25,2.16,-0.85,-0.13,0.38
943,2003-06-03,000925SZ,15.2,15.1,15.22,15.03,780,1177297.62,1.26,-0.2,-0.03,0.26
944,2003-06-04,000925SZ,15.05,14.7,15.05,14.5,1863,2752706.25,3.64,-2.65,-0.4,0.62
945,2003-06-05,000925SZ,14.56,14.49,14.69,14.49,647,941494.0,1.36,-1.43,-0.21,0.22
946,2003-06-06,000925SZ,14.31,14.37,14.6,14.31,767,1106550.88,2.0,-0.83,-0.12,0.26
947,2003-06-09,000925SZ,14.28,14.4,15.2,14.23,531,766662.69,6.75,0.21,0.03,0.18
948,2003-06-10,000925SZ,14.22,14.47,14.65,14.2,278,402307.5,3.13,0.49,0.07,0.09
949,2003-06-11,000925SZ,14.51,14.68,14.77,14.47,363,532779.5,2.07,1.45,0.21,0.12
950,2003-06-12,000925SZ,14.68,14.93,15.1,14.6,1180,1760837.12,3.41,1.7,0.25,0.39
951,2003-06-13,000925SZ,14.9,15.07,15.16,14.9,1395,2100700.5,1.74,0.94,0.14,0.47
952,2003-06-16,000925SZ,15.07,14.68,15.2,14.6,674,1004037.31,3.98,-2.59,-0.39,0.22
953,2003-06-17,000925SZ,14.68,14.71,14.85,14.68,598,882336.81,1.16,0.2,0.03,0.2
954,2003-06-18,000925SZ,14.73,14.62,14.84,14.62,426,628230.0,1.5,-0.61,-0.09,0.14
955,2003-06-19,000925SZ,14.62,14.35,14.75,14.3,664,960953.0,3.08,-1.85,-0.27,0.22
956,2003-06-20,000925SZ,14.4,14.38,14.5,14.36,231,333052.59,0.98,0.21,0.03,0.08
957,2003-06-23,000925SZ,14.3,14.35,14.5,14.25,677,972380.19,1.74,-0.21,-0.03,0.23
958,2003-06-24,000925SZ,14.4,14.34,14.5,14.3,248,357134.0,1.39,-0.07,-0.01,0.08
959,2003-06-25,000925SZ,14.5,14.19,14.5,14.02,343,489915.0,3.35,-1.05,-0.15,0.11
960,2003-06-26,000925SZ,14.1,14.27,14.5,13.9,547,774165.0,4.23,0.56,0.08,0.18
961,2003-06-27,000925SZ,14.45,14.02,14.45,14.0,299,422791.5,3.15,-1.75,-0.25,0.1
962,2003-06-30,000925SZ,14.0,13.6,14.0,13.6,621,854290.5,2.85,-3.0,-0.42,0.21
963,2003-07-01,000925SZ,13.6,13.88,14.87,13.6,428,597895.75,9.34,2.06,0.28,0.14
964,2003-07-02,000925SZ,13.82,13.81,14.0,13.64,195,269122.56,2.59,-0.5,-0.07,0.07
965,2003-07-03,000925SZ,13.81,13.9,14.2,13.81,235,328014.0,2.82,0.65,0.09,0.08
966,2003-07-04,000925SZ,13.86,13.7,13.95,13.7,353,487378.62,1.8,-1.44,-0.2,0.12
967,2003-07-07,000925SZ,13.71,13.8,13.95,13.64,163,225245.66,2.26,0.73,0.1,0.05
968,2003-07-08,000925SZ,13.97,13.95,14.18,13.7,201,280532.66,3.48,1.09,0.15,0.07
969,2003-07-09,000925SZ,13.9,13.75,13.95,13.7,359,494220.31,1.79,-1.43,-0.2,0.12
970,2003-07-10,000925SZ,14.18,14.22,14.5,13.55,1260,1770852.38,6.91,3.42,0.47,0.42
971,2003-07-11,000925SZ,13.98,14.1,14.38,13.95,556,785579.81,3.02,-0.84,-0.12,0.19
972,2003-07-14,000925SZ,14.1,13.87,14.15,13.85,260,362136.69,2.13,-1.63,-0.23,0.09
973,2003-07-15,000925SZ,13.87,13.86,14.0,13.73,274,379445.0,1.95,-0.07,-0.01,0.09
974,2003-07-16,000925SZ,14.07,13.88,14.07,13.81,118,163997.58,1.88,0.14,0.02,0.04
975,2003-07-17,000925SZ,13.8,13.71,13.9,13.6,559,768472.88,2.16,-1.22,-0.17,0.19
976,2003-07-18,000925SZ,13.71,13.55,13.96,13.55,485,662374.0,2.99,-1.17,-0.16,0.16
977,2003-07-21,000925SZ,13.5,13.25,13.5,13.18,642,851822.38,2.36,-2.21,-0.3,0.21
978,2003-07-22,000925SZ,13.25,13.3,13.54,13.21,227,302327.0,2.49,0.38,0.05,0.08
979,2003-07-23,000925SZ,13.26,13.31,13.47,13.26,255,341103.0,1.58,0.08,0.01,0.09
980,2003-07-24,000925SZ,13.5,13.35,13.5,13.3,235,314183.0,1.5,0.3,0.04,0.08
981,2003-07-28,000925SZ,13.5,13.13,13.5,13.02,416,549633.0,3.6,-1.65,-0.22,0.14
982,2003-07-29,000925SZ,13.28,13.11,13.4,13.1,281,371473.0,2.28,-0.15,-0.02,0.09
983,2003-07-30,000925SZ,13.17,13.15,13.25,13.12,125,164577.0,0.99,0.31,0.04,0.04
984,2003-07-31,000925SZ,13.16,13.16,13.38,13.15,245,326048.34,1.75,0.08,0.01,0.08
985,2003-08-01,000925SZ,13.25,13.36,13.36,13.05,418,550702.81,2.36,1.52,0.2,0.14
986,2003-08-04,000925SZ,13.32,13.84,14.0,13.15,610,826590.75,6.36,3.59,0.48,0.2
987,2003-08-05,000925SZ,13.84,13.6,13.84,13.56,244,332469.0,2.02,-1.73,-0.24,0.08
988,2003-08-06,000925SZ,13.6,13.6,13.68,13.51,341,462782.38,1.25,0.0,0.0,0.11
989,2003-08-07,000925SZ,13.63,13.53,13.66,13.52,149,202159.0,1.03,-0.51,-0.07,0.05
990,2003-08-08,000925SZ,13.53,13.35,13.53,13.3,389,521996.53,1.7,-1.33,-0.18,0.13
991,2003-08-11,000925SZ,13.3,13.24,13.45,13.12,185,245992.31,2.47,-0.82,-0.11,0.06
992,2003-08-12,000925SZ,13.27,13.38,13.58,13.27,471,634741.69,2.34,1.06,0.14,0.16
993,2003-08-13,000925SZ,13.43,13.4,13.5,13.3,331,444259.0,1.49,0.15,0.02,0.11
994,2003-08-14,000925SZ,13.59,13.72,14.38,13.2,3492,4873745.0,8.81,2.39,0.32,1.16
995,2003-08-15,000925SZ,13.5,13.74,13.93,13.5,690,950033.31,3.13,0.15,0.02,0.23
996,2003-08-18,000925SZ,13.94,13.76,13.94,13.69,387,533145.38,1.82,0.15,0.02,0.13
997,2003-08-19,000925SZ,13.8,13.93,13.99,13.71,486,674696.06,2.03,1.24,0.17,0.16
998,2003-08-20,000925SZ,13.9,14.04,14.05,13.78,905,1263584.75,1.94,0.79,0.11,0.3
999,2003-08-21,000925SZ,14.11,14.04,14.4,14.02,1265,1796415.75,2.71,0.0,0.0,0.42
1000,2003-08-22,000925SZ,13.89,13.83,14.09,13.78,359,500511.0,2.21,-1.5,-0.21,0.12
1001,2003-08-25,000925SZ,13.74,13.62,13.8,13.56,473,647936.38,1.74,-1.52,-0.21,0.16
1002,2003-08-26,000925SZ,13.6,13.52,13.63,13.42,463,628338.75,1.54,-0.73,-0.1,0.15
1003,2003-08-27,000925SZ,13.98,13.66,13.98,13.5,379,520004.0,3.55,1.04,0.14,0.13
1004,2003-08-28,000925SZ,13.88,13.61,13.9,13.6,131,179793.58,2.2,-0.37,-0.05,0.04
1005,2003-08-29,000925SZ,13.58,13.63,13.69,13.42,348,472118.0,1.98,0.15,0.02,0.12
1006,2003-09-01,000925SZ,13.53,13.89,13.91,13.53,354,488277.19,2.79,1.91,0.26,0.12
1007,2003-09-02,000925SZ,13.89,14.11,14.5,13.89,2338,3317807.75,4.39,1.58,0.22,0.78
1008,2003-09-03,000925SZ,14.36,14.21,14.6,14.0,918,1302872.62,4.25,0.71,0.1,0.31
1009,2003-09-04,000925SZ,14.1,14.04,14.3,14.03,342,481699.0,1.9,-1.2,-0.17,0.11
1010,2003-09-05,000925SZ,14.01,13.85,14.06,13.82,466,650453.38,1.71,-1.35,-0.19,0.16
1011,2003-09-08,000925SZ,13.73,13.78,13.99,13.73,326,450982.0,1.88,-0.51,-0.07,0.11
1012,2003-09-09,000925SZ,13.79,13.87,14.0,13.68,351,487036.19,2.32,0.65,0.09,0.12
1013,2003-09-10,000925SZ,13.83,14.0,14.06,13.8,357,497480.41,1.87,0.94,0.13,0.12
1014,2003-09-11,000925SZ,14.01,13.9,14.01,13.9,390,543197.69,0.79,-0.71,-0.1,0.13
1015,2003-09-12,000925SZ,13.86,13.72,13.9,13.7,435,597763.5,1.44,-1.29,-0.18,0.14
1016,2003-09-15,000925SZ,13.72,13.5,13.92,13.5,461,628812.62,3.06,-1.6,-0.22,0.15
1017,2003-09-16,000925SZ,13.45,13.63,13.7,13.38,481,649803.12,2.37,0.96,0.13,0.16
1018,2003-09-17,000925SZ,13.82,13.46,13.82,13.46,307,414365.59,2.64,-1.25,-0.17,0.1
1019,2003-09-18,000925SZ,13.48,13.26,13.5,13.25,611,814668.0,1.86,-1.49,-0.2,0.2
1020,2003-09-19,000925SZ,13.32,13.3,13.42,13.2,540,716057.19,1.66,0.3,0.04,0.18
1021,2003-09-22,000925SZ,13.3,13.23,13.5,13.2,319,422926.69,2.26,-0.53,-0.07,0.11
1022,2003-09-23,000925SZ,13.3,13.3,13.4,13.22,328,435208.0,1.36,0.53,0.07,0.11
1023,2003-09-24,000925SZ,13.4,13.38,13.4,13.26,404,537607.38,1.05,0.6,0.08,0.13
1024,2003-09-25,000925SZ,13.3,13.24,13.35,13.23,207,274734.0,0.9,-1.05,-0.14,0.07
1025,2003-09-26,000925SZ,13.25,13.15,13.25,13.11,348,458094.69,1.06,-0.68,-0.09,0.12
1026,2003-09-29,000925SZ,13.01,12.87,13.18,12.87,783,1017389.31,2.36,-2.13,-0.28,0.26
1027,2003-09-30,000925SZ,12.9,12.96,13.0,12.78,343,440871.47,1.71,0.7,0.09,0.11
1028,2003-10-08,000925SZ,12.96,12.86,13.0,12.83,141,182011.0,1.31,-0.77,-0.1,0.05
1029,2003-10-09,000925SZ,13.0,12.83,13.02,12.81,198,256055.52,1.63,-0.23,-0.03,0.07
1030,2003-10-10,000925SZ,12.8,13.12,13.18,12.8,457,597597.31,2.96,2.26,0.29,0.15
1031,2003-10-13,000925SZ,13.14,13.12,13.24,13.06,294,386308.88,1.37,0.0,0.0,0.1
1032,2003-10-14,000925SZ,13.1,13.0,13.22,12.9,173,225434.0,2.44,-0.91,-0.12,0.06
1033,2003-10-15,000925SZ,13.19,12.99,13.19,12.97,95,124143.0,1.69,-0.08,-0.01,0.03
1034,2003-10-16,000925SZ,12.8,12.81,12.9,12.8,263,337976.0,0.77,-1.39,-0.18,0.09
1035,2003-10-17,000925SZ,12.96,12.89,13.15,12.8,398,514141.88,2.73,0.62,0.08,0.13
1036,2003-10-20,000925SZ,12.79,12.53,12.85,12.5,432,547882.0,2.72,-2.79,-0.36,0.14
1037,2003-10-21,000925SZ,12.0,12.32,12.55,12.0,506,624620.0,4.39,-1.68,-0.21,0.17
1038,2003-10-22,000925SZ,12.59,12.48,12.59,12.18,582,725305.88,3.33,1.3,0.16,0.19
1039,2003-10-23,000925SZ,12.48,12.38,12.65,12.3,338,421856.0,2.8,-0.8,-0.1,0.11
1040,2003-10-24,000925SZ,12.4,12.22,12.4,12.16,232,284242.0,1.94,-1.29,-0.16,0.08
1041,2003-10-27,000925SZ,12.15,11.8,12.15,11.7,665,793404.62,3.68,-3.44,-0.42,0.22
1042,2003-10-28,000925SZ,11.75,11.58,11.8,11.38,709,822955.38,3.56,-1.86,-0.22,0.24
1043,2003-10-29,000925SZ,11.58,11.14,11.63,10.93,1219,1354747.0,6.04,-3.8,-0.44,0.41
1044,2003-10-30,000925SZ,11.08,11.0,11.14,10.71,769,844402.88,3.86,-1.26,-0.14,0.26
1045,2003-10-31,000925SZ,11.17,11.1,11.25,10.98,394,438492.0,2.45,0.91,0.1,0.13
1046,2003-11-03,000925SZ,11.06,11.1,11.14,10.95,296,327938.59,1.71,0.0,0.0,0.1
1047,2003-11-04,000925SZ,11.38,11.27,11.68,11.12,550,622518.44,5.05,1.53,0.17,0.18
1048,2003-11-05,000925SZ,11.25,10.95,11.28,10.93,411,457782.0,3.11,-2.84,-0.32,0.14
1049,2003-11-06,000925SZ,11.0,10.2,11.0,10.12,1471,1526261.38,8.04,-6.85,-0.75,0.49
1050,2003-11-07,000925SZ,10.16,10.25,10.58,10.0,1181,1202957.0,5.69,0.49,0.05,0.39
1051,2003-11-10,000925SZ,10.11,10.16,10.33,10.0,513,516339.41,3.22,-0.88,-0.09,0.17
1052,2003-11-11,000925SZ,10.16,10.26,10.26,10.05,422,430189.0,2.07,0.98,0.1,0.14
1053,2003-11-12,000925SZ,10.22,10.15,10.25,10.13,157,160033.0,1.17,-1.07,-0.11,0.05
1054,2003-11-13,000925SZ,10.1,10.3,10.45,10.01,485,497120.69,4.33,1.48,0.15,0.16
1055,2003-11-14,000925SZ,10.3,10.45,10.5,10.3,510,528541.0,1.94,1.46,0.15,0.17
1056,2003-11-17,000925SZ,10.45,10.3,10.45,10.11,235,242564.0,3.25,-1.44,-0.15,0.08
1057,2003-11-18,000925SZ,10.29,10.13,10.3,10.13,272,277385.5,1.65,-1.65,-0.17,0.09
1058,2003-11-19,000925SZ,10.13,10.4,10.57,10.06,1023,1062869.62,5.03,2.67,0.27,0.34
1059,2003-11-20,000925SZ,10.59,11.18,11.36,10.59,3632,4003797.25,7.4,7.5,0.78,1.21
1060,2003-11-21,000925SZ,11.18,10.9,11.36,10.78,2019,2239109.0,5.19,-2.5,-0.28,0.67
1061,2003-11-24,000925SZ,10.88,11.16,11.19,10.88,1367,1513393.5,2.84,2.39,0.26,0.46
1062,2003-11-25,000925SZ,11.18,11.34,11.6,11.15,2736,3115983.5,4.03,1.61,0.18,0.91
1063,2003-11-26,000925SZ,11.2,11.41,11.53,11.08,1959,2224813.25,3.97,0.62,0.07,0.65
1064,2003-11-27,000925SZ,11.35,11.1,11.48,11.1,1037,1167747.5,3.33,-2.72,-0.31,0.35
1065,2003-11-28,000925SZ,11.26,11.24,11.3,11.01,595,663884.88,2.61,1.26,0.14,0.2
1066,2003-12-01,000925SZ,11.25,11.55,11.55,11.08,1347,1537310.25,4.18,2.76,0.31,0.45
1067,2003-12-02,000925SZ,11.38,11.44,11.86,11.38,1709,1995903.25,4.16,-0.95,-0.11,0.57
1068,2003-12-03,000925SZ,11.35,11.58,11.75,11.3,1249,1444936.25,3.93,1.22,0.14,0.42
1069,2003-12-04,000925SZ,11.78,11.65,11.78,11.45,802,929533.5,2.85,0.6,0.07,0.27
1070,2003-12-05,000925SZ,11.5,11.42,11.78,11.33,1028,1175443.5,3.86,-1.97,-0.23,0.34
1071,2003-12-08,000925SZ,11.4,11.14,11.43,10.95,1477,1645397.0,4.2,-2.45,-0.28,0.49
1072,2003-12-09,000925SZ,11.03,11.19,11.2,11.03,438,487247.0,1.53,0.45,0.05,0.15
1073,2003-12-10,000925SZ,11.2,11.25,11.48,11.15,840,944948.0,2.95,0.54,0.06,0.28
1074,2003-12-11,000925SZ,11.27,11.38,11.68,11.25,1027,1173530.5,3.82,1.16,0.13,0.34
1075,2003-12-12,000925SZ,11.38,11.34,11.38,11.2,587,661263.0,1.58,-0.35,-0.04,0.2
1076,2003-12-15,000925SZ,11.48,11.25,11.48,11.23,345,389844.0,2.2,-0.79,-0.09,0.12
1077,2003-12-16,000925SZ,11.2,11.2,11.29,11.0,1120,1242680.5,2.58,-0.44,-0.05,0.37
1078,2003-12-17,000925SZ,11.27,11.07,11.27,11.05,609,676695.5,1.96,-1.16,-0.13,0.2
1079,2003-12-18,000925SZ,11.0,10.85,11.14,10.63,847,922942.62,4.61,-1.99,-0.22,0.28
1080,2003-12-19,000925SZ,11.19,10.38,11.19,10.2,1352,1417331.75,9.12,-4.33,-0.47,0.45
1081,2003-12-22,000925SZ,10.3,10.5,10.63,10.0,1962,2017814.5,6.07,1.16,0.12,0.65
1082,2003-12-23,000925SZ,10.4,10.44,10.6,10.38,1535,1609064.5,2.1,-0.57,-0.06,0.51
1083,2003-12-24,000925SZ,10.44,10.41,10.5,10.3,1251,1304178.5,1.92,-0.29,-0.03,0.42
1084,2003-12-25,000925SZ,10.41,10.53,10.65,10.41,1166,1227572.75,2.31,1.15,0.12,0.39
1085,2003-12-26,000925SZ,10.63,10.58,10.65,10.53,739,781178.62,1.14,0.47,0.05,0.25
1086,2003-12-29,000925SZ,10.5,10.4,10.55,10.12,557,580529.0,4.06,-1.7,-0.18,0.19
1087,2003-12-30,000925SZ,10.48,10.27,10.48,10.26,694,716940.12,2.12,-1.25,-0.13,0.23
1088,2003-12-31,000925SZ,10.37,10.4,10.47,10.21,766,791881.0,2.53,1.27,0.13,0.26
1089,2004-01-02,000925SZ,10.43,10.7,10.75,10.43,2049,2168000.5,3.08,2.88,0.3,0.68
1090,2004-01-05,000925SZ,10.82,10.81,10.95,10.5,1688,1811672.88,4.21,1.03,0.11,0.56
1091,2004-01-06,000925SZ,10.73,11.89,11.89,10.58,6961,8001406.5,12.12,9.99,1.08,2.32
1092,2004-01-07,000925SZ,12.1,11.96,12.3,11.89,8834,10674441.0,3.45,0.59,0.07,2.94
1093,2004-01-08,000925SZ,11.9,12.28,12.76,11.53,5614,6854525.5,10.28,2.68,0.32,1.87
1094,2004-01-09,000925SZ,12.24,11.7,12.34,11.67,4005,4828262.5,5.46,-4.72,-0.58,1.33
1095,2004-01-12,000925SZ,11.71,11.78,11.95,11.6,1622,1903886.25,2.99,0.68,0.08,0.54
1096,2004-01-13,000925SZ,11.74,12.09,12.29,11.73,2574,3111470.25,4.75,2.63,0.31,0.86
1097,2004-01-14,000925SZ,12.09,11.96,12.18,11.9,1197,1434994.25,2.32,-1.08,-0.13,0.4
1098,2004-01-15,000925SZ,11.96,11.92,12.19,11.7,1485,1783883.88,4.1,-0.33,-0.04,0.5
1099,2004-01-16,000925SZ,11.92,12.68,12.95,11.92,5051,6361167.0,8.64,6.38,0.76,1.68
1100,2004-01-29,000925SZ,12.6,13.25,13.5,12.6,3611,4750789.0,7.1,4.5,0.57,1.2
1101,2004-01-30,000925SZ,12.96,12.69,13.2,12.68,3285,4240051.0,3.92,-4.23,-0.56,1.09
1102,2004-02-02,000925SZ,13.0,12.98,13.25,12.7,2588,3342749.75,4.33,2.29,0.29,0.86
1103,2004-02-03,000925SZ,12.98,13.19,13.34,12.96,2478,3249601.25,2.93,1.62,0.21,0.83
1104,2004-02-04,000925SZ,13.19,13.38,13.38,13.09,2753,3642751.25,2.2,1.44,0.19,0.92
1105,2004-02-05,000925SZ,13.38,13.24,13.45,13.15,3194,4233843.0,2.24,-1.05,-0.14,1.06
1106,2004-02-06,000925SZ,13.2,12.91,13.44,12.9,2223,2944659.0,4.08,-2.49,-0.33,0.74
1107,2004-02-09,000925SZ,12.88,13.18,13.2,12.83,1902,2475604.5,2.87,2.09,0.27,0.63
1108,2004-02-10,000925SZ,13.15,13.15,13.28,13.04,2510,3302052.0,1.82,-0.23,-0.03,0.84
1109,2004-02-11,000925SZ,13.15,13.05,13.29,12.86,1932,2506453.75,3.27,-0.76,-0.1,0.64
1110,2004-02-12,000925SZ,13.25,13.34,13.42,13.01,3168,4211547.5,3.14,2.22,0.29,1.06
1111,2004-02-13,000925SZ,13.51,13.64,13.78,13.15,3909,5295209.0,4.72,2.25,0.3,1.3
1112,2004-02-16,000925SZ,13.96,14.95,15.0,13.9,17069,25086460.0,8.06,9.6,1.31,5.69
1113,2004-02-17,000925SZ,14.93,15.39,15.86,14.68,15788,24117358.0,7.89,2.94,0.44,5.26
1114,2004-02-18,000925SZ,15.3,15.23,15.8,15.0,9209,14112200.0,5.2,-1.04,-0.16,3.07
1115,2004-02-19,000925SZ,15.28,15.5,15.58,15.16,5588,8583437.0,2.76,1.77,0.27,1.86
1116,2004-02-20,000925SZ,15.48,15.18,15.48,15.06,4497,6828541.5,2.71,-2.06,-0.32,1.5
1117,2004-02-23,000925SZ,15.15,14.63,15.33,14.5,5000,7480620.5,5.47,-3.62,-0.55,1.67
1118,2004-02-24,000925SZ,14.58,14.11,14.59,13.78,4590,6484565.0,5.54,-3.55,-0.52,1.53
1119,2004-02-25,000925SZ,14.12,13.96,14.5,13.85,4018,5713770.5,4.61,-1.06,-0.15,1.34
1120,2004-02-26,000925SZ,13.85,13.72,14.13,13.58,2981,4108085.0,3.94,-1.72,-0.24,0.99
1121,2004-02-27,000925SZ,13.75,13.99,13.99,13.7,1991,2762732.0,2.11,1.97,0.27,0.66
1122,2004-03-01,000925SZ,13.98,14.35,14.36,13.76,2563,3620602.0,4.29,2.57,0.36,0.85
1123,2004-03-02,000925SZ,14.36,14.5,14.9,14.08,4053,5900793.5,5.71,1.05,0.15,1.35
1124,2004-03-03,000925SZ,14.46,13.95,14.47,13.83,2330,3294477.0,4.41,-3.79,-0.55,0.78
1125,2004-03-04,000925SZ,13.89,14.26,14.39,13.76,2030,2858989.5,4.52,2.22,0.31,0.68
1126,2004-03-05,000925SZ,14.26,14.26,14.65,14.01,1972,2838131.5,4.49,0.0,0.0,0.66
1127,2004-03-08,000925SZ,14.18,13.63,14.18,13.6,2164,2992643.75,4.07,-4.42,-0.63,0.72
1128,2004-03-09,000925SZ,13.7,13.29,13.9,13.28,1414,1924812.62,4.55,-2.49,-0.34,0.47
1129,2004-03-10,000925SZ,13.32,13.66,13.67,13.29,1586,2131510.75,2.86,2.78,0.37,0.53
1130,2004-03-11,000925SZ,13.6,13.71,13.86,13.4,1562,2138030.0,3.37,0.37,0.05,0.52
1131,2004-03-12,000925SZ,13.76,13.94,14.17,13.67,1747,2435615.0,3.65,1.68,0.23,0.58
1132,2004-03-15,000925SZ,13.65,14.23,14.5,13.65,2449,3485294.25,6.1,2.08,0.29,0.82
1133,2004-03-16,000925SZ,14.24,14.1,14.3,14.0,1756,2478333.75,2.11,-0.91,-0.13,0.59
1134,2004-03-17,000925SZ,14.15,13.99,14.15,13.71,1427,1982573.38,3.12,-0.78,-0.11,0.48
1135,2004-03-18,000925SZ,13.95,13.7,14.18,13.7,1184,1649820.62,3.43,-2.07,-0.29,0.39
1136,2004-03-19,000925SZ,13.71,13.93,13.98,13.68,1209,1670762.75,2.19,1.68,0.23,0.4
1137,2004-03-22,000925SZ,13.95,14.09,14.24,13.82,1292,1817910.62,3.02,1.15,0.16,0.43
1138,2004-03-23,000925SZ,14.09,14.13,14.25,13.9,1536,2158179.75,2.48,0.28,0.04,0.51
1139,2004-03-24,000925SZ,14.2,14.29,14.55,14.15,3625,5219781.5,2.83,1.13,0.16,1.21
1140,2004-03-25,000925SZ,14.55,14.18,14.55,14.08,1296,1849688.75,3.29,-0.77,-0.11,0.43
1141,2004-03-26,000925SZ,14.25,15.09,15.22,14.25,10221,15227913.0,6.84,6.42,0.91,3.41
1142,2004-03-29,000925SZ,15.02,14.61,15.07,14.57,8850,13132945.0,3.31,-3.18,-0.48,2.95
1143,2004-03-30,000925SZ,14.62,16.07,16.07,14.62,18180,28616398.0,9.92,9.99,1.46,6.06
1144,2004-03-31,000925SZ,16.1,16.15,16.8,15.92,22374,36404840.0,5.48,0.5,0.08,7.46
1145,2004-04-01,000925SZ,16.16,15.79,16.19,15.65,8937,14115252.0,3.34,-2.23,-0.36,2.98
1146,2004-04-02,000925SZ,15.8,15.87,16.08,15.66,8166,12976585.0,2.66,0.51,0.08,2.72
1147,2004-04-05,000925SZ,15.88,15.9,15.94,15.31,5207,8188527.0,3.97,0.19,0.03,1.74
1148,2004-04-06,000925SZ,15.85,15.86,16.24,15.78,5569,8910930.0,2.89,-0.25,-0.04,1.86
1149,2004-04-07,000925SZ,15.39,15.59,16.0,15.39,4321,6767311.0,3.85,-1.7,-0.27,1.44
1150,2004-04-08,000925SZ,15.45,15.43,15.68,15.31,3894,6022406.0,2.37,-1.03,-0.16,1.3
1151,2004-04-09,000925SZ,15.35,14.89,15.55,14.7,4696,7107658.0,5.51,-3.5,-0.54,1.57
1152,2004-04-12,000925SZ,14.7,15.01,15.2,14.65,2591,3880945.25,3.69,0.81,0.12,0.86
1153,2004-04-13,000925SZ,15.0,14.79,15.2,14.78,2587,3855120.75,2.8,-1.47,-0.22,0.86
1154,2004-04-14,000925SZ,14.79,14.41,14.98,14.2,3525,5135983.0,5.27,-2.57,-0.38,1.18
1155,2004-04-15,000925SZ,14.55,14.2,14.59,14.16,2396,3425778.75,2.98,-1.46,-0.21,0.8
1156,2004-04-16,000925SZ,14.2,14.39,14.4,13.88,2555,3622090.25,3.66,1.34,0.19,0.85
1157,2004-04-19,000925SZ,14.32,13.6,14.32,13.58,2601,3588000.0,5.14,-5.49,-0.79,0.87
1158,2004-04-20,000925SZ,13.61,13.68,13.79,13.45,2085,2835742.75,2.5,0.59,0.08,0.69
1159,2004-04-21,000925SZ,13.66,13.72,14.12,13.6,1491,2065892.5,3.8,0.29,0.04,0.5
1160,2004-04-22,000925SZ,13.82,14.17,14.2,13.76,1996,2802711.0,3.21,3.28,0.45,0.67
1161,2004-04-23,000925SZ,14.2,13.87,14.2,13.85,1483,2076119.0,2.47,-2.12,-0.3,0.49
1162,2004-04-26,000925SZ,13.79,13.77,14.0,13.7,1029,1420386.62,2.16,-0.72,-0.1,0.34
1163,2004-04-27,000925SZ,13.8,13.85,14.2,13.8,1298,1808242.0,2.9,0.58,0.08,0.43
1164,2004-04-28,000925SZ,13.44,13.93,13.98,13.44,1366,1878144.38,3.9,0.58,0.08,0.46
1165,2004-04-29,000925SZ,13.95,13.42,14.0,13.4,1191,1631755.62,4.31,-3.66,-0.51,0.4
1166,2004-04-30,000925SZ,13.48,13.39,13.75,13.2,1489,1994420.38,4.1,-0.22,-0.03,0.5
1167,2004-05-10,000925SZ,13.05,13.02,13.42,13.0,983,1295453.0,3.14,-2.76,-0.37,0.33
1168,2004-05-11,000925SZ,13.0,12.9,13.18,12.8,1174,1521134.12,2.92,-0.92,-0.12,0.39
1169,2004-05-12,000925SZ,12.92,13.29,13.3,12.81,906,1188721.75,3.8,3.02,0.39,0.3
1170,2004-05-13,000925SZ,13.29,13.21,13.35,13.15,542,715847.06,1.5,-0.6,-0.08,0.18
1171,2004-05-14,000925SZ,13.22,12.9,13.23,12.87,887,1153530.25,2.73,-2.35,-0.31,0.3
1172,2004-05-17,000925SZ,12.7,12.81,13.01,12.7,705,907303.62,2.4,-0.7,-0.09,0.24
1173,2004-05-18,000925SZ,13.6,13.47,13.95,13.2,3905,5287216.0,5.85,5.15,0.66,1.3
1174,2004-05-19,000925SZ,13.51,13.6,13.9,13.4,2212,3022585.5,3.71,0.97,0.13,0.74
1175,2004-05-20,000925SZ,13.69,13.33,13.72,13.31,1160,1563910.62,3.01,-1.99,-0.27,0.39
1176,2004-05-21,000925SZ,13.6,13.49,13.6,13.3,602,811121.0,2.25,1.2,0.16,0.2
1177,2004-05-24,000925SZ,13.6,13.36,13.64,13.35,790,1065332.75,2.15,-0.96,-0.13,0.26
1178,2004-05-25,000925SZ,13.6,13.3,13.6,13.29,1115,1492216.62,2.32,-0.45,-0.06,0.37
1179,2004-05-26,000925SZ,13.35,14.1,14.38,13.15,6461,9018794.0,9.25,6.02,0.8,2.15
1180,2004-05-27,000925SZ,14.01,14.36,14.48,13.9,4856,6950292.5,4.11,1.84,0.26,1.62
1181,2004-05-28,000925SZ,14.4,14.15,14.48,13.99,3252,4591205.5,3.41,-1.46,-0.21,1.08
1182,2004-05-31,000925SZ,14.15,14.44,14.56,14.15,2068,2973846.0,2.9,2.05,0.29,0.69
1183,2004-06-01,000925SZ,14.6,14.96,14.98,14.4,4415,6507891.0,4.02,3.6,0.52,1.47
1184,2004-06-02,000925SZ,15.0,15.25,15.5,14.8,7352,11130378.0,4.68,1.94,0.29,2.45
1185,2004-06-03,000925SZ,15.24,14.43,15.24,14.4,5875,8584604.0,5.51,-5.38,-0.82,1.96
1186,2004-06-04,000925SZ,14.35,14.5,14.7,14.22,2833,4104432.5,3.33,0.49,0.07,0.94
1187,2004-06-07,000925SZ,14.26,14.12,14.4,13.89,2025,2852756.0,3.52,-2.62,-0.38,0.67
1188,2004-06-08,000925SZ,13.8,14.09,14.4,13.8,1294,1827641.75,4.25,-0.21,-0.03,0.43
1189,2004-06-09,000925SZ,14.0,13.45,14.13,13.38,2524,3454506.25,5.32,-4.54,-0.64,0.84
1190,2004-06-10,000925SZ,13.45,13.2,13.5,13.05,1832,2423211.5,3.35,-1.86,-0.25,0.61
1191,2004-06-11,000925SZ,13.18,13.2,13.6,13.08,2088,2785188.75,3.94,0.0,0.0,0.7
1192,2004-06-14,000925SZ,13.2,12.88,13.28,12.7,1541,1991591.0,4.39,-2.42,-0.32,0.51
1193,2004-06-15,000925SZ,12.72,13.16,13.18,12.72,838,1087020.62,3.57,2.17,0.28,0.28
1194,2004-06-16,000925SZ,13.3,13.29,13.45,13.13,751,994751.5,2.43,0.99,0.13,0.25
1195,2004-06-17,000925SZ,13.26,12.98,13.35,12.92,519,682673.38,3.24,-2.33,-0.31,0.17
1196,2004-06-18,000925SZ,13.0,13.15,13.3,12.88,1000,1310154.25,3.24,1.31,0.17,0.33
1197,2004-06-21,000925SZ,13.18,13.76,13.76,13.18,1399,1895582.5,4.41,4.64,0.61,0.47
1198,2004-06-22,000925SZ,13.68,13.94,14.2,13.67,2164,3015331.25,3.85,1.31,0.18,0.72
1199,2004-06-23,000925SZ,13.94,13.83,13.94,13.43,1538,2101052.0,3.66,-0.79,-0.11,0.51
1200,2004-06-24,000925SZ,13.88,13.99,14.12,13.72,2018,2815700.75,2.89,1.16,0.16,0.67
1201,2004-06-25,000925SZ,14.09,13.05,14.09,13.0,2993,3991716.75,7.79,-6.72,-0.94,1.0
1202,2004-06-28,000925SZ,12.9,11.77,12.9,11.75,2541,3080780.75,8.81,-9.81,-1.28,0.85
1203,2004-06-30,000925SZ,12.01,11.65,12.25,11.6,1776,2115963.0,5.52,-1.02,-0.12,0.59
1204,2004-07-01,000925SZ,11.71,12.13,12.13,11.71,1527,1832995.38,3.61,4.12,0.48,0.51
1205,2004-07-02,000925SZ,12.1,11.93,12.2,11.83,1005,1201804.62,3.05,-1.65,-0.2,0.34
1206,2004-07-05,000925SZ,11.86,11.79,11.9,11.67,1055,1239321.62,1.93,-1.17,-0.14,0.35
1207,2004-07-06,000925SZ,11.9,11.95,12.09,11.88,1025,1226203.62,1.78,1.36,0.16,0.34
1208,2004-07-07,000925SZ,11.86,11.77,11.92,11.7,463,545206.25,1.84,-1.51,-0.18,0.15
1209,2004-07-08,000925SZ,11.6,11.37,11.67,11.3,2056,2349580.0,3.14,-3.4,-0.4,0.69
1210,2004-07-09,000925SZ,11.35,11.33,11.49,11.32,493,562464.81,1.5,-0.35,-0.04,0.16
1211,2004-07-12,000925SZ,11.2,10.8,11.2,10.6,1198,1295782.88,5.3,-4.68,-0.53,0.4
1212,2004-07-13,000925SZ,10.7,10.79,11.0,10.7,596,643868.88,2.78,-0.09,-0.01,0.2
1213,2004-07-14,000925SZ,10.95,10.42,10.95,10.16,1217,1277418.88,7.32,-3.43,-0.37,0.41
1214,2004-07-15,000925SZ,10.42,10.66,11.0,10.42,741,797544.25,5.57,2.3,0.24,0.25
1215,2004-07-16,000925SZ,10.71,11.14,11.25,10.66,1354,1488775.0,5.53,4.5,0.48,0.45
1216,2004-07-19,000925SZ,11.14,11.05,11.19,10.81,794,883397.5,3.41,-0.81,-0.09,0.26
1217,2004-07-20,000925SZ,11.0,11.04,11.3,11.0,783,866787.0,2.71,-0.09,-0.01,0.26
1218,2004-07-21,000925SZ,11.0,11.07,11.15,11.0,479,528781.06,1.36,0.27,0.03,0.16
1219,2004-07-22,000925SZ,11.0,10.82,11.28,10.8,627,694803.0,4.34,-2.26,-0.25,0.21
1220,2004-07-23,000925SZ,10.8,10.9,10.92,10.5,646,692116.0,3.88,0.74,0.08,0.22
1221,2004-07-26,000925SZ,10.85,10.68,10.86,10.65,456,487887.5,1.93,-2.02,-0.22,0.15
1222,2004-07-27,000925SZ,10.6,10.71,11.0,10.58,328,352822.69,3.93,0.28,0.03,0.11
1223,2004-07-28,000925SZ,10.6,10.78,10.92,10.6,468,504827.0,2.99,0.65,0.07,0.16
1224,2004-07-29,000925SZ,10.8,11.16,11.3,10.8,1179,1318345.62,4.64,3.53,0.38,0.39
1225,2004-07-30,000925SZ,11.0,10.95,11.32,10.95,622,690010.0,3.32,-1.88,-0.21,0.21
1226,2004-08-02,000925SZ,10.95,11.2,11.23,10.8,686,759882.69,3.93,2.28,0.25,0.23
1227,2004-08-03,000925SZ,11.09,11.19,11.29,11.09,1015,1137050.38,1.79,-0.09,-0.01,0.34
1228,2004-08-04,000925SZ,11.3,11.35,11.42,11.18,1279,1450934.38,2.14,1.43,0.16,0.43
1229,2004-08-05,000925SZ,11.35,11.11,11.39,11.1,490,548847.0,2.56,-2.11,-0.24,0.16
1230,2004-08-06,000925SZ,11.01,10.85,11.08,10.78,1065,1160889.5,2.7,-2.34,-0.26,0.36
1231,2004-08-09,000925SZ,10.73,10.8,10.85,10.7,586,631578.19,1.38,-0.46,-0.05,0.2
1232,2004-08-10,000925SZ,10.85,11.01,11.03,10.7,1074,1178010.25,3.06,1.94,0.21,0.36
1233,2004-08-11,000925SZ,11.17,11.46,11.5,11.0,2340,2628472.75,4.54,4.09,0.45,0.78
1234,2004-08-12,000925SZ,11.44,11.23,11.79,11.1,5383,6165375.0,6.02,-2.01,-0.23,1.79
1235,2004-08-13,000925SZ,10.9,10.95,11.21,10.88,1585,1734499.25,2.94,-2.49,-0.28,0.53
1236,2004-08-16,000925SZ,10.71,10.18,10.71,10.0,2914,2970325.5,6.48,-7.03,-0.77,0.97
1237,2004-08-17,000925SZ,10.09,10.18,10.33,10.04,1163,1182293.0,2.85,0.0,0.0,0.39
1238,2004-08-18,000925SZ,10.37,10.25,10.39,10.2,573,589710.56,1.87,0.69,0.07,0.19
1239,2004-08-19,000925SZ,10.36,10.05,10.36,9.98,1110,1115515.0,3.71,-1.95,-0.2,0.37
1240,2004-08-20,000925SZ,10.05,10.05,10.16,9.98,472,474190.0,1.79,0.0,0.0,0.16
1241,2004-08-23,000925SZ,10.06,9.9,10.06,9.8,423,418772.81,2.59,-1.49,-0.15,0.14
1242,2004-08-24,000925SZ,9.99,10.09,10.19,9.99,462,466014.31,2.02,1.92,0.19,0.15
1243,2004-08-25,000925SZ,10.01,10.1,10.18,10.0,223,225353.0,1.78,0.1,0.01,0.07
1244,2004-08-26,000925SZ,10.1,10.15,10.15,10.03,334,336245.88,1.19,0.5,0.05,0.11
1245,2004-08-27,000925SZ,10.0,10.02,10.23,10.0,180,181171.0,2.27,-1.28,-0.13,0.06
1246,2004-08-30,000925SZ,10.0,10.16,10.17,9.97,1080,1084522.5,2.0,1.4,0.14,0.36
1247,2004-08-31,000925SZ,10.51,10.29,10.6,10.15,1355,1385939.88,4.43,1.28,0.13,0.45
1248,2004-09-01,000925SZ,10.21,9.98,10.21,9.96,486,488399.22,2.43,-3.01,-0.31,0.16
1249,2004-09-02,000925SZ,9.98,10.24,10.29,9.86,353,352995.28,4.31,2.61,0.26,0.12
1250,2004-09-03,000925SZ,10.2,10.1,10.28,10.08,303,307089.0,1.95,-1.37,-0.14,0.1
1251,2004-09-06,000925SZ,10.1,10.17,10.19,10.02,139,140909.0,1.68,0.69,0.07,0.05
1252,2004-09-07,000925SZ,10.29,10.18,10.29,10.08,104,105083.0,2.06,0.1,0.01,0.03
1253,2004-09-08,000925SZ,10.16,10.0,10.16,10.0,391,392209.0,1.57,-1.77,-0.18,0.13
1254,2004-09-09,000925SZ,10.0,9.91,10.0,9.9,633,628337.5,1.0,-0.9,-0.09,0.21
1255,2004-09-10,000925SZ,9.85,9.69,9.86,9.61,1067,1039860.38,2.52,-2.22,-0.22,0.36
1256,2004-09-13,000925SZ,9.51,9.06,9.52,9.02,1330,1223703.75,5.16,-6.5,-0.63,0.44
1257,2004-09-14,000925SZ,9.2,9.37,9.6,9.2,1035,973916.06,4.42,3.42,0.31,0.35
1258,2004-09-15,000925SZ,9.45,10.01,10.13,9.39,2609,2586615.5,7.9,6.83,0.64,0.87
1259,2004-09-16,000925SZ,10.25,10.2,10.25,9.98,1795,1811674.88,2.7,1.9,0.19,0.6
1260,2004-09-17,000925SZ,10.2,10.53,10.55,10.02,3218,3335651.5,5.2,3.24,0.33,1.07
1261,2004-09-20,000925SZ,10.53,11.12,11.2,10.53,3941,4283515.5,6.36,5.6,0.59,1.31
1262,2004-09-21,000925SZ,11.12,11.31,11.87,11.0,5287,6006433.5,7.82,1.71,0.19,1.76
1263,2004-09-22,000925SZ,11.11,10.81,11.31,10.7,3075,3383627.5,5.39,-4.42,-0.5,1.03
1264,2004-09-23,000925SZ,10.71,11.3,11.35,10.65,2158,2355542.75,6.48,4.53,0.49,0.72
1265,2004-09-24,000925SZ,11.5,10.7,11.6,10.55,4149,4647754.5,9.29,-5.31,-0.6,1.38
1266,2004-09-27,000925SZ,10.88,10.6,11.14,10.5,1472,1585283.25,5.98,-0.93,-0.1,0.49
1267,2004-09-28,000925SZ,10.74,10.58,10.88,10.1,1684,1761566.88,7.36,-0.19,-0.02,0.56
1268,2004-09-29,000925SZ,10.48,10.36,10.55,10.35,1602,1676029.5,1.89,-2.08,-0.22,0.53
1269,2004-09-30,000925SZ,10.3,10.25,10.45,10.24,918,946532.62,2.03,-1.06,-0.11,0.31
1270,2004-10-08,000925SZ,10.25,10.72,10.72,10.15,1030,1063333.38,5.56,4.59,0.47,0.34
1271,2004-10-11,000925SZ,10.72,10.99,11.45,10.7,4189,4643061.0,7.0,2.52,0.27,1.4
1272,2004-10-12,000925SZ,11.0,10.9,11.39,10.72,3222,3561263.5,6.1,-0.82,-0.09,1.07
1273,2004-10-13,000925SZ,10.85,11.35,11.39,10.85,4047,4546164.0,4.95,4.13,0.45,1.35
1274,2004-10-14,000925SZ,11.3,10.9,11.42,10.8,4328,4780101.0,5.46,-3.96,-0.45,1.44
1275,2004-10-15,000925SZ,10.88,11.3,11.33,10.8,4010,4470321.5,4.86,3.67,0.4,1.34
1276,2004-10-18,000925SZ,11.88,11.48,11.98,11.1,12136,13952298.0,7.79,1.59,0.18,4.05
1277,2004-10-19,000925SZ,11.48,11.0,11.48,10.95,5094,5708847.0,4.62,-4.18,-0.48,1.7
1278,2004-10-20,000925SZ,10.8,10.37,10.9,10.22,3834,4000667.75,6.18,-5.73,-0.63,1.28
1279,2004-10-21,000925SZ,10.38,10.39,10.6,10.3,1589,1660835.5,2.89,0.19,0.02,0.53
1280,2004-10-22,000925SZ,10.31,10.31,10.4,10.01,2219,2268824.25,3.75,-0.77,-0.08,0.74
1281,2004-10-25,000925SZ,10.41,10.31,10.7,10.16,1274,1319954.12,5.24,0.0,0.0,0.42
1282,2004-10-26,000925SZ,10.4,10.42,10.42,10.18,1451,1486807.88,2.33,1.07,0.11,0.48
1283,2004-10-27,000925SZ,10.25,10.45,10.46,10.23,1683,1738577.0,2.21,0.29,0.03,0.56
1284,2004-10-28,000925SZ,10.41,10.59,10.65,10.4,1631,1719020.12,2.39,1.34,0.14,0.54
1285,2004-10-29,000925SZ,10.19,10.38,10.5,10.0,1764,1826080.25,4.72,-1.98,-0.21,0.59
1286,2004-11-01,000925SZ,10.21,10.05,10.25,10.03,1259,1271776.12,2.12,-3.18,-0.33,0.42
1287,2004-11-02,000925SZ,10.02,10.08,10.18,9.96,1190,1191280.5,2.19,0.3,0.03,0.4
1288,2004-11-03,000925SZ,10.15,10.25,10.28,10.08,1139,1158211.38,1.98,1.69,0.17,0.38
1289,2004-11-04,000925SZ,10.25,9.91,10.34,9.9,1005,1018060.38,4.29,-3.32,-0.34,0.34
1290,2004-11-05,000925SZ,9.93,9.93,10.1,9.92,637,634768.62,1.82,0.2,0.02,0.21
1291,2004-11-08,000925SZ,9.93,9.97,9.99,9.82,416,412377.0,1.71,0.4,0.04,0.14
1292,2004-11-09,000925SZ,10.09,9.93,10.15,9.83,672,668348.0,3.21,-0.4,-0.04,0.22
1293,2004-11-10,000925SZ,9.93,10.37,10.45,9.93,2225,2294879.0,5.24,4.43,0.44,0.74
1294,2004-11-11,000925SZ,10.62,10.5,10.9,10.45,4168,4448986.5,4.34,1.25,0.13,1.39
1295,2004-11-12,000925SZ,10.74,10.4,10.74,10.4,1180,1238961.0,3.24,-0.95,-0.1,0.39
1296,2004-11-15,000925SZ,10.45,10.62,10.63,10.44,910,959219.19,1.83,2.12,0.22,0.3
1297,2004-11-16,000925SZ,10.63,10.55,10.63,10.5,530,558561.0,1.22,-0.66,-0.07,0.18
1298,2004-11-17,000925SZ,10.51,10.48,10.55,10.35,662,689601.0,1.9,-0.66,-0.07,0.22
1299,2004-11-18,000925SZ,10.4,10.54,10.55,10.4,614,643557.81,1.43,0.57,0.06,0.2
1300,2004-11-19,000925SZ,10.63,10.71,10.73,10.55,1690,1796388.25,1.71,1.61,0.17,0.56
1301,2004-11-22,000925SZ,10.89,11.02,11.2,10.77,5793,6367465.0,4.01,2.89,0.31,1.93
1302,2004-11-23,000925SZ,11.18,10.98,11.19,10.8,2976,3267942.25,3.54,-0.36,-0.04,0.99
1303,2004-11-24,000925SZ,10.98,10.67,10.98,10.6,1588,1711593.0,3.46,-2.82,-0.31,0.53
1304,2004-11-25,000925SZ,10.47,10.52,10.67,10.47,809,853049.12,1.87,-1.41,-0.15,0.27
1305,2004-11-26,000925SZ,10.5,10.51,10.68,10.5,580,611593.62,1.71,-0.1,-0.01,0.19
1306,2004-11-29,000925SZ,10.51,10.3,10.51,10.3,874,906466.19,2.0,-2.0,-0.21,0.29
1307,2004-11-30,000925SZ,10.25,10.11,10.35,10.03,2314,2340566.5,3.11,-1.84,-0.19,0.77
1308,2004-12-01,000925SZ,10.28,10.23,10.3,10.15,616,629085.44,1.48,1.19,0.12,0.21
1309,2004-12-02,000925SZ,10.2,10.35,10.35,10.05,844,864497.81,2.93,1.17,0.12,0.28
1310,2004-12-03,000925SZ,10.36,10.52,10.6,10.25,1305,1371555.5,3.38,1.64,0.17,0.43
1311,2004-12-06,000925SZ,10.55,10.57,10.66,10.39,1126,1181859.12,2.57,0.48,0.05,0.38
1312,2004-12-07,000925SZ,10.52,10.25,10.52,10.24,768,796421.25,2.65,-3.03,-0.32,0.26
1313,2004-12-08,000925SZ,10.3,10.26,10.41,10.2,578,595364.19,2.05,0.1,0.01,0.19
1314,2004-12-09,000925SZ,10.25,10.35,10.41,10.12,788,809652.0,2.83,0.88,0.09,0.26
1315,2004-12-10,000925SZ,10.25,10.13,10.39,10.12,755,769216.5,2.61,-2.13,-0.22,0.25
1316,2004-12-13,000925SZ,10.13,10.01,10.13,9.92,875,873620.0,2.07,-1.18,-0.12,0.29
1317,2004-12-14,000925SZ,10.0,10.01,10.21,10.0,407,409046.91,2.1,0.0,0.0,0.14
1318,2004-12-15,000925SZ,10.0,10.07,10.09,9.9,602,598472.0,1.9,0.6,0.06,0.2
1319,2004-12-16,000925SZ,10.08,10.0,10.11,9.96,277,277654.0,1.49,-0.7,-0.07,0.09
1320,2004-12-17,000925SZ,10.0,9.94,10.08,9.93,319,317698.19,1.5,-0.6,-0.06,0.11
1321,2004-12-20,000925SZ,9.96,9.9,9.96,9.9,547,542234.81,0.6,-0.4,-0.04,0.18
1322,2004-12-21,000925SZ,9.88,10.07,10.16,9.88,399,395800.0,2.83,1.72,0.17,0.13
1323,2004-12-22,000925SZ,10.04,10.17,10.35,9.92,1054,1075712.5,4.27,0.99,0.1,0.35
1324,2004-12-23,000925SZ,10.42,10.35,10.98,10.31,5189,5516883.5,6.59,1.77,0.18,1.73
1325,2004-12-24,000925SZ,10.15,10.26,10.42,10.13,1490,1526142.0,2.8,-0.87,-0.09,0.5
1326,2004-12-27,000925SZ,10.3,10.32,10.49,10.3,781,811683.0,1.85,0.58,0.06,0.26
1327,2004-12-28,000925SZ,10.18,10.18,10.49,10.05,1400,1434922.25,4.26,-1.36,-0.14,0.47
1328,2004-12-29,000925SZ,10.15,10.15,10.38,10.12,575,585989.31,2.55,-0.29,-0.03,0.19
1329,2004-12-30,000925SZ,10.26,10.1,10.3,10.03,552,558496.0,2.66,-0.49,-0.05,0.18
1330,2004-12-31,000925SZ,10.35,10.1,10.4,10.0,947,961102.0,3.96,0.0,0.0,0.32
1331,2005-01-04,000925SZ,10.1,10.0,10.1,9.95,501,502374.0,1.49,-0.99,-0.1,0.17
1332,2005-01-05,000925SZ,9.99,10.2,10.29,9.99,507,513578.0,3.0,2.0,0.2,0.17
1333,2005-01-06,000925SZ,10.1,10.07,10.19,9.98,592,598789.0,2.06,-1.27,-0.13,0.2
1334,2005-01-07,000925SZ,10.0,10.07,10.26,10.0,605,613558.0,2.58,0.0,0.0,0.2
1335,2005-01-10,000925SZ,10.07,10.16,10.16,9.96,530,531858.0,1.99,0.89,0.09,0.18
1336,2005-01-11,000925SZ,10.08,10.15,10.16,10.0,314,316711.0,1.57,-0.1,-0.01,0.1
1337,2005-01-12,000925SZ,10.0,10.1,10.2,10.0,318,320062.0,1.97,-0.49,-0.05,0.11
1338,2005-01-13,000925SZ,10.1,10.3,10.3,10.01,1328,1357998.62,2.87,1.98,0.2,0.44
1339,2005-01-14,000925SZ,10.1,10.11,10.39,10.07,712,725722.0,3.11,-1.84,-0.19,0.24
1340,2005-01-17,000925SZ,10.12,9.81,10.12,9.8,1225,1221268.0,3.17,-2.97,-0.3,0.41
1341,2005-01-18,000925SZ,9.76,9.89,10.07,9.72,763,752473.0,3.57,0.82,0.08,0.25
1342,2005-01-19,000925SZ,9.88,9.74,9.95,9.73,827,811075.0,2.22,-1.52,-0.15,0.28
1343,2005-01-20,000925SZ,9.66,9.3,9.7,9.2,1357,1278893.25,5.13,-4.52,-0.44,0.45
1344,2005-01-21,000925SZ,9.22,9.57,9.58,9.1,1490,1385216.5,5.16,2.9,0.27,0.5
1345,2005-01-24,000925SZ,9.9,9.59,9.98,9.58,1684,1631888.5,4.18,0.21,0.02,0.56
1346,2005-01-25,000925SZ,9.59,9.4,9.59,9.3,1584,1482143.12,3.02,-1.98,-0.19,0.53
1347,2005-01-26,000925SZ,9.32,9.33,9.53,9.3,438,410952.09,2.45,-0.74,-0.07,0.15
1348,2005-01-27,000925SZ,9.25,9.25,9.35,9.2,504,465327.0,1.61,-0.86,-0.08,0.17
1349,2005-01-28,000925SZ,9.2,8.93,9.26,8.9,816,739796.0,3.89,-3.46,-0.32,0.27
1350,2005-01-31,000925SZ,8.9,8.55,8.9,8.55,1423,1231822.25,3.92,-4.26,-0.38,0.47
1351,2005-02-01,000925SZ,8.54,8.45,8.8,8.4,572,488884.0,4.68,-1.17,-0.1,0.19
1352,2005-02-02,000925SZ,8.49,8.93,9.0,8.48,1261,1110788.5,6.15,5.68,0.48,0.42
1353,2005-02-03,000925SZ,9.1,8.75,9.26,8.75,692,619342.0,5.71,-2.02,-0.18,0.23
1354,2005-02-04,000925SZ,8.61,9.02,9.12,8.61,333,297212.44,5.83,3.09,0.27,0.11
1355,2005-02-16,000925SZ,9.28,9.1,9.28,9.1,485,443723.0,2.0,0.89,0.08,0.16
1356,2005-02-17,000925SZ,9.08,9.15,9.2,8.95,494,446716.0,2.75,0.55,0.05,0.16
1357,2005-02-18,000925SZ,9.01,9.0,9.13,9.0,226,203743.0,1.42,-1.64,-0.15,0.08
1358,2005-02-21,000925SZ,8.88,9.0,9.05,8.8,595,533716.06,2.78,0.0,0.0,0.2
1359,2005-02-22,000925SZ,9.01,9.25,9.3,9.01,1113,1020157.19,3.22,2.78,0.25,0.37
1360,2005-02-23,000925SZ,9.3,9.44,9.78,9.25,1646,1551883.62,5.73,2.05,0.19,0.55
1361,2005-02-24,000925SZ,9.44,9.42,9.6,9.3,774,730709.12,3.18,-0.21,-0.02,0.26
1362,2005-02-25,000925SZ,9.42,9.4,9.58,9.35,1019,963616.69,2.44,-0.21,-0.02,0.34
1363,2005-02-28,000925SZ,9.39,9.38,9.47,9.3,547,513170.0,1.81,-0.21,-0.02,0.18
1364,2005-03-01,000925SZ,9.42,9.39,9.42,9.33,505,473033.91,0.96,0.11,0.01,0.17
1365,2005-03-02,000925SZ,9.38,9.3,9.51,9.2,669,627100.62,3.3,-0.96,-0.09,0.22
1366,2005-03-03,000925SZ,9.3,9.35,9.39,9.17,460,426672.0,2.37,0.54,0.05,0.15
1367,2005-03-04,000925SZ,9.35,9.31,9.68,9.3,611,576916.88,4.06,-0.43,-0.04,0.2
1368,2005-03-07,000925SZ,9.27,9.41,9.47,9.18,822,768569.62,3.11,1.07,0.1,0.27
1369,2005-03-08,000925SZ,9.46,9.52,9.52,9.31,949,897413.38,2.23,1.17,0.11,0.32
1370,2005-03-09,000925SZ,9.55,9.99,10.4,9.5,9850,9949941.0,9.45,4.94,0.47,3.28
1371,2005-03-10,000925SZ,9.74,9.46,9.88,9.41,3314,3202333.5,4.7,-5.31,-0.53,1.1
1372,2005-03-11,000925SZ,9.44,9.5,9.56,9.44,1252,1187330.88,1.27,0.42,0.04,0.42
1373,2005-03-14,000925SZ,9.5,9.32,9.5,9.21,867,810795.94,3.05,-1.89,-0.18,0.29
1374,2005-03-15,000925SZ,9.32,9.24,9.36,9.2,575,532897.62,1.72,-0.86,-0.08,0.19
1375,2005-03-16,000925SZ,9.24,9.16,9.35,9.16,658,607059.06,2.06,-0.87,-0.08,0.22
1376,2005-03-17,000925SZ,9.2,8.98,9.29,8.98,790,723371.0,3.38,-1.97,-0.18,0.26
1377,2005-03-18,000925SZ,8.95,8.85,9.11,8.71,1044,927903.44,4.45,-1.45,-0.13,0.35
1378,2005-03-21,000925SZ,8.72,8.81,8.95,8.72,281,247885.2,2.6,-0.45,-0.04,0.09
1379,2005-03-22,000925SZ,8.97,8.6,8.98,8.58,800,695286.0,4.54,-2.38,-0.21,0.27
1380,2005-03-23,000925SZ,8.52,8.46,8.79,8.4,1008,861472.06,4.53,-1.63,-0.14,0.34
1381,2005-03-24,000925SZ,8.5,8.6,8.64,8.4,460,390462.44,2.84,1.65,0.14,0.15
1382,2005-03-25,000925SZ,8.57,8.57,8.68,8.5,356,304849.5,2.09,-0.35,-0.03,0.12
1383,2005-03-28,000925SZ,8.44,8.49,8.73,8.41,342,289673.75,3.73,-0.93,-0.08,0.11
1384,2005-03-29,000925SZ,8.55,8.45,8.59,8.45,422,357925.69,1.65,-0.47,-0.04,0.14
1385,2005-03-30,000925SZ,8.4,8.04,8.49,8.02,579,476076.0,5.56,-4.85,-0.41,0.19
1386,2005-03-31,000925SZ,7.9,7.92,8.09,7.83,725,572169.88,3.23,-1.49,-0.12,0.24
1387,2005-04-01,000925SZ,7.95,8.27,8.4,7.85,875,705478.25,6.94,4.42,0.35,0.29
1388,2005-04-04,000925SZ,8.01,8.02,8.28,8.0,606,491516.0,3.39,-3.02,-0.25,0.2
1389,2005-04-05,000925SZ,8.03,7.98,8.13,7.98,290,233896.69,1.87,-0.5,-0.04,0.1
1390,2005-04-06,000925SZ,7.85,8.05,8.25,7.85,249,201028.0,5.01,0.88,0.07,0.08
1391,2005-04-07,000925SZ,8.05,8.25,8.35,8.05,911,754720.25,3.73,2.48,0.2,0.3
1392,2005-04-08,000925SZ,8.3,8.43,8.44,8.16,745,617173.94,3.39,2.18,0.18,0.25
1393,2005-04-11,000925SZ,8.48,8.58,8.7,8.03,1536,1317613.5,7.95,1.78,0.15,0.51
1394,2005-04-12,000925SZ,8.56,8.4,8.8,8.32,588,499313.31,5.59,-2.1,-0.18,0.2
1395,2005-04-13,000925SZ,8.5,8.53,8.65,8.41,640,544645.56,2.86,1.55,0.13,0.21
1396,2005-04-14,000925SZ,8.53,8.3,8.59,8.2,458,383485.03,4.57,-2.7,-0.23,0.15
1397,2005-04-15,000925SZ,7.47,7.47,8.1,7.47,4022,3016831.25,7.59,-10.0,-0.83,1.34
1398,2005-04-18,000925SZ,6.82,6.72,7.0,6.72,3090,2080817.25,3.75,-10.04,-0.75,1.03
1399,2005-04-19,000925SZ,6.21,6.43,6.5,6.21,9460,5992355.5,4.32,-4.32,-0.29,3.15
1400,2005-04-20,000925SZ,6.38,5.96,6.4,5.9,10699,6508893.5,7.78,-7.31,-0.47,3.57
1401,2005-04-21,000925SZ,5.89,5.93,6.05,5.8,6148,3640810.5,4.19,-0.5,-0.03,2.05
1402,2005-04-22,000925SZ,5.88,5.61,5.98,5.5,8426,4763964.5,8.09,-5.4,-0.32,2.81
1403,2005-04-25,000925SZ,5.4,5.51,5.75,5.4,6025,3339208.5,6.24,-1.78,-0.1,2.01
1404,2005-04-26,000925SZ,5.21,5.3,5.48,4.96,15966,8248638.5,9.44,-3.81,-0.21,5.32
1405,2005-04-27,000925SZ,5.2,4.8,5.2,4.77,12761,6246819.5,8.11,-9.43,-0.5,4.25
1406,2005-04-28,000925SZ,4.75,4.9,5.1,4.58,10847,5222384.5,10.83,2.08,0.1,3.62
1407,2005-04-29,000925SZ,4.88,4.71,4.9,4.61,5809,2761396.25,5.92,-3.88,-0.19,1.94
1408,2005-05-09,000925SZ,4.8,4.99,5.08,4.72,11671,5797892.5,7.64,5.94,0.28,3.89
1409,2005-05-10,000925SZ,4.86,4.99,5.0,4.58,6722,3188247.0,8.42,0.0,0.0,2.24
1410,2005-05-11,000925SZ,4.92,5.49,5.49,4.77,21778,11715746.0,14.43,10.02,0.5,7.26
1411,2005-05-12,000925SZ,5.45,5.67,5.85,5.28,20472,11465352.0,10.38,3.28,0.18,6.82
1412,2005-05-13,000925SZ,5.6,5.59,5.79,5.41,11028,6187338.5,6.7,-1.41,-0.08,3.68
1413,2005-05-16,000925SZ,5.45,5.41,5.53,5.26,7025,3785896.5,4.83,-3.22,-0.18,2.34
1414,2005-05-17,000925SZ,5.21,5.48,5.53,5.21,7494,4042071.25,5.91,1.29,0.07,2.5
1415,2005-05-18,000925SZ,5.48,5.44,5.49,5.28,6107,3288970.25,3.83,-0.73,-0.04,2.04
1416,2005-05-19,000925SZ,5.43,5.66,5.66,5.4,9960,5538384.0,4.78,4.04,0.22,3.32
1417,2005-05-20,000925SZ,5.65,5.52,5.66,5.48,5780,3212511.0,3.18,-2.47,-0.14,1.93
1418,2005-05-23,000925SZ,5.4,5.06,5.47,5.03,6507,3367301.75,7.97,-8.33,-0.46,2.17
1419,2005-05-24,000925SZ,5.02,5.31,5.36,5.02,5335,2809738.0,6.72,4.94,0.25,1.78
1420,2005-05-25,000925SZ,5.3,5.3,5.46,5.25,3593,1921036.25,3.95,-0.19,-0.01,1.2
1421,2005-05-26,000925SZ,5.3,5.48,5.64,5.23,8969,4934771.0,7.74,3.4,0.18,2.99
1422,2005-05-27,000925SZ,5.5,5.4,5.61,5.38,4795,2637666.5,4.2,-1.46,-0.08,1.6
1423,2005-05-30,000925SZ,5.35,5.57,5.65,5.35,4340,2405608.5,5.56,3.15,0.17,1.45
1424,2005-05-31,000925SZ,5.56,5.46,5.58,5.42,3481,1917509.0,2.87,-1.97,-0.11,1.16
1425,2005-06-01,000925SZ,5.75,5.6,5.75,5.36,6596,3671176.75,7.14,2.56,0.14,2.2
1426,2005-06-02,000925SZ,5.69,5.97,6.1,5.59,18317,10740007.0,9.11,6.61,0.37,6.11
1427,2005-06-03,000925SZ,6.0,5.71,6.02,5.56,9095,5277750.5,7.71,-4.36,-0.26,3.03
1428,2005-06-06,000925SZ,5.61,5.89,5.9,5.61,5739,3293347.75,5.08,3.15,0.18,1.91
1429,2005-06-07,000925SZ,5.91,5.84,6.12,5.74,6512,3883701.25,6.45,-0.85,-0.05,2.17
1430,2005-06-08,000925SZ,5.8,6.25,6.31,5.8,12627,7751361.0,8.73,7.02,0.41,4.21
1431,2005-06-09,000925SZ,6.2,6.44,6.65,6.06,13040,8348934.0,9.44,3.04,0.19,4.35
1432,2005-06-10,000925SZ,6.34,6.55,6.7,6.34,11057,7242782.0,5.59,1.71,0.11,3.69
1433,2005-06-13,000925SZ,6.42,6.49,6.63,6.29,6873,4432990.5,5.19,-0.92,-0.06,2.29
1434,2005-06-14,000925SZ,6.55,6.13,6.59,6.1,7534,4723290.5,7.55,-5.55,-0.36,2.51
1435,2005-06-15,000925SZ,6.37,5.86,6.37,5.81,6338,3811754.0,9.14,-4.4,-0.27,2.11
1436,2005-06-16,000925SZ,5.86,5.94,5.95,5.66,3841,2221538.75,4.95,1.37,0.08,1.28
1437,2005-06-17,000925SZ,6.25,5.83,6.25,5.77,5086,3056861.5,8.08,-1.85,-0.11,1.7
1438,2005-06-20,000925SZ,5.83,6.12,6.16,5.68,4083,2442668.5,8.23,4.97,0.29,1.36
1439,2005-06-21,000925SZ,6.1,6.62,6.65,6.02,13535,8632093.0,10.29,8.17,0.5,4.51
1440,2005-06-22,000925SZ,6.59,6.51,6.6,6.31,9982,6431717.0,4.38,-1.66,-0.11,3.33
1441,2005-06-23,000925SZ,6.48,6.18,6.48,6.18,5120,3241543.0,4.61,-5.07,-0.33,1.71
1442,2005-06-24,000925SZ,6.28,6.25,6.28,6.01,3240,1993607.5,4.37,1.13,0.07,1.08
1443,2005-06-27,000925SZ,6.25,6.48,6.6,6.25,6348,4108837.5,5.6,3.68,0.23,2.12
1444,2005-06-28,000925SZ,6.45,6.21,6.45,6.12,3907,2453328.5,5.09,-4.17,-0.27,1.3
1445,2005-06-29,000925SZ,6.15,6.2,6.38,6.15,2006,1251263.0,3.7,-0.16,-0.01,0.67
1446,2005-07-01,000925SZ,6.0,5.58,6.0,5.58,1131,639942.31,6.77,-10.0,-0.62,0.38
1447,2005-07-04,000925SZ,5.02,5.02,5.02,5.02,1177,590854.0,0.0,-10.04,-0.56,0.39
1448,2005-07-05,000925SZ,4.52,4.61,4.94,4.52,10917,5126626.5,8.37,-8.17,-0.41,3.64
1449,2005-07-06,000925SZ,4.61,4.69,4.77,4.57,5314,2482247.0,4.34,1.74,0.08,1.77
1450,2005-07-07,000925SZ,4.71,4.71,4.75,4.64,2717,1277583.5,2.35,0.43,0.02,0.91
1451,2005-07-08,000925SZ,4.66,4.4,4.69,4.37,4377,1958185.5,6.79,-6.58,-0.31,1.46
1452,2005-07-11,000925SZ,4.4,4.39,4.6,4.29,3111,1399252.0,7.05,-0.23,-0.01,1.04
1453,2005-07-12,000925SZ,4.35,4.62,4.72,4.31,3379,1519624.25,9.34,5.24,0.23,1.13
1454,2005-07-13,000925SZ,4.6,4.65,4.74,4.53,3715,1734836.25,4.55,0.65,0.03,1.24
1455,2005-07-14,000925SZ,4.65,4.65,4.75,4.61,2249,1054414.88,3.01,0.0,0.0,0.75
1456,2005-07-15,000925SZ,4.69,4.48,4.72,4.44,2124,961663.31,6.02,-3.66,-0.17,0.71
1457,2005-07-18,000925SZ,4.45,4.04,4.45,4.03,5173,2126470.25,9.38,-9.82,-0.44,1.72
1458,2005-07-19,000925SZ,4.01,4.15,4.19,4.0,2198,902352.69,4.7,2.72,0.11,0.73
1459,2005-07-20,000925SZ,4.15,4.12,4.22,4.1,1894,785837.38,2.89,-0.72,-0.03,0.63
1460,2005-07-21,000925SZ,4.12,4.23,4.25,4.0,2698,1109296.38,6.07,2.67,0.11,0.9
1461,2005-07-22,000925SZ,4.13,4.4,4.58,4.13,5529,2421567.0,10.64,4.02,0.17,1.84
1462,2005-07-25,000925SZ,4.35,4.33,4.38,4.27,1847,797195.75,2.5,-1.59,-0.07,0.62
1463,2005-07-26,000925SZ,4.3,4.51,4.57,4.3,5189,2336499.0,6.24,4.16,0.18,1.73
1464,2005-07-27,000925SZ,4.55,4.67,4.69,4.48,4420,2027253.38,4.66,3.55,0.16,1.47
1465,2005-07-28,000925SZ,4.72,4.57,4.73,4.55,4297,1988913.5,3.85,-2.14,-0.1,1.43
1466,2005-07-29,000925SZ,4.51,4.57,4.62,4.49,2695,1226574.62,2.84,0.0,0.0,0.9
1467,2005-08-01,000925SZ,4.57,4.63,4.66,4.55,1854,852263.12,2.41,1.31,0.06,0.62
1468,2005-08-02,000925SZ,4.65,4.81,4.85,4.61,5761,2733492.75,5.18,3.89,0.18,1.92
1469,2005-08-03,000925SZ,4.81,4.92,5.1,4.76,6670,3279114.5,7.07,2.29,0.11,2.22
1470,2005-08-04,000925SZ,4.9,4.84,4.91,4.79,3721,1800357.25,2.44,-1.63,-0.08,1.24
1471,2005-08-05,000925SZ,4.9,5.05,5.07,4.85,6315,3153125.5,4.55,4.34,0.21,2.1
1472,2005-08-08,000925SZ,5.07,5.15,5.25,5.06,6082,3128623.75,3.76,1.98,0.1,2.03
1473,2005-08-09,000925SZ,5.38,5.31,5.38,5.08,6577,3470786.5,5.83,3.11,0.16,2.19
1474,2005-08-10,000925SZ,5.3,5.49,5.49,5.25,7620,4096056.25,4.52,3.39,0.18,2.54
1475,2005-08-11,000925SZ,5.5,5.68,6.04,5.5,14523,8469638.0,9.84,3.46,0.19,4.84
1476,2005-08-12,000925SZ,5.69,5.77,5.96,5.51,9855,5705980.5,7.92,1.58,0.09,3.28
1477,2005-08-15,000925SZ,5.81,6.04,6.18,5.81,8294,4945452.5,6.41,4.68,0.27,2.76
1478,2005-08-16,000925SZ,6.05,5.88,6.15,5.82,7410,4405549.0,5.46,-2.65,-0.16,2.47
1479,2005-08-17,000925SZ,5.84,5.92,5.94,5.6,7691,4445704.0,5.78,0.68,0.04,2.56
1480,2005-08-18,000925SZ,5.92,5.71,6.04,5.6,9661,5711882.0,7.43,-3.55,-0.21,3.22
1481,2005-08-19,000925SZ,5.65,5.69,5.82,5.56,6917,3916207.75,4.55,-0.35,-0.02,2.31
1482,2005-08-22,000925SZ,5.78,6.26,6.26,5.78,14096,8655062.0,8.44,10.02,0.57,4.7
1483,2005-08-23,000925SZ,6.39,5.88,6.39,5.83,13490,8174233.5,8.95,-6.07,-0.38,4.5
1484,2005-08-24,000925SZ,5.85,6.11,6.28,5.8,11612,7049863.0,8.16,3.91,0.23,3.87
1485,2005-08-25,000925SZ,6.12,6.25,6.26,6.02,9169,5654196.0,3.93,2.29,0.14,3.06
1486,2005-08-26,000925SZ,6.23,6.59,6.78,6.2,18741,12237214.0,9.28,5.44,0.34,6.25
1487,2005-08-29,000925SZ,6.57,6.5,6.61,6.31,9475,6108468.5,4.55,-1.37,-0.09,3.16
1488,2005-08-30,000925SZ,6.3,6.11,6.35,6.1,11536,7150980.0,3.85,-6.0,-0.39,3.85
1489,2005-08-31,000925SZ,6.05,6.12,6.18,5.83,9545,5729555.0,5.73,0.16,0.01,3.18
1490,2005-09-01,000925SZ,6.0,6.22,6.24,6.0,6366,3922857.5,3.92,1.63,0.1,2.12
1491,2005-09-02,000925SZ,6.18,6.46,6.48,6.18,9467,6032190.0,4.82,3.86,0.24,3.16
1492,2005-09-05,000925SZ,6.49,6.52,6.56,6.35,6941,4475545.5,3.25,0.93,0.06,2.31
1493,2005-09-06,000925SZ,6.45,6.22,6.57,6.15,7852,5040695.5,6.44,-4.6,-0.3,2.62
1494,2005-09-07,000925SZ,6.21,6.47,6.51,6.03,5329,3361507.75,7.72,4.02,0.25,1.78
1495,2005-09-08,000925SZ,6.47,6.68,6.88,6.46,16268,10914102.0,6.49,3.25,0.21,5.42
1496,2005-09-09,000925SZ,6.6,6.6,6.8,6.5,8737,5825705.5,4.49,-1.2,-0.08,2.91
1497,2005-09-12,000925SZ,6.5,6.87,6.98,6.5,9462,6428233.5,7.27,4.09,0.27,3.15
1498,2005-09-13,000925SZ,6.97,7.16,7.19,6.76,11691,8143163.5,6.26,4.22,0.29,3.9
1499,2005-09-14,000925SZ,7.14,7.2,7.3,7.06,13458,9657530.0,3.35,0.56,0.04,4.49
1500,2005-09-15,000925SZ,7.23,7.28,7.3,7.08,8685,6239742.0,3.06,1.11,0.08,2.9
1501,2005-09-16,000925SZ,7.28,7.13,7.34,7.08,6262,4476483.5,3.57,-2.06,-0.15,2.09
1502,2005-09-19,000925SZ,7.18,7.36,7.38,7.15,8088,5898280.5,3.23,3.23,0.23,2.7
1503,2005-09-20,000925SZ,7.38,7.15,7.38,7.1,6801,4887339.0,3.8,-2.85,-0.21,2.27
1504,2005-09-21,000925SZ,7.15,6.86,7.15,6.8,8144,5655804.5,4.9,-4.06,-0.29,2.71
1505,2005-09-22,000925SZ,6.8,7.04,7.1,6.5,11487,7864227.5,8.75,2.62,0.18,3.83
1506,2005-09-23,000925SZ,6.88,6.8,7.1,6.7,5915,4082999.0,5.68,-3.41,-0.24,1.97
1507,2005-09-26,000925SZ,6.8,6.95,6.98,6.72,2863,1968282.88,3.82,2.21,0.15,0.95
1508,2005-09-27,000925SZ,6.95,6.62,6.99,6.62,4572,3117230.25,5.32,-4.75,-0.33,1.52
1509,2005-09-28,000925SZ,6.56,6.19,6.73,6.15,4806,3093264.0,8.76,-6.5,-0.43,1.6
1510,2005-09-29,000925SZ,6.21,6.45,6.48,6.21,4653,2960534.0,4.36,4.2,0.26,1.55
1511,2005-09-30,000925SZ,6.5,6.36,6.5,6.31,2622,1681271.0,2.95,-1.4,-0.09,0.87
1512,2005-10-10,000925SZ,6.32,6.08,6.32,6.07,2572,1580650.5,3.93,-4.4,-0.28,0.86
1513,2005-10-11,000925SZ,6.06,6.36,6.37,6.05,2442,1522792.88,5.26,4.61,0.28,0.81
1514,2005-10-12,000925SZ,6.3,6.46,6.52,6.29,2992,1926926.12,3.62,1.57,0.1,1.0
1515,2005-10-13,000925SZ,6.44,6.56,6.65,6.34,4871,3183409.25,4.8,1.55,0.1,1.62
1516,2005-10-14,000925SZ,6.55,6.4,6.6,6.31,1708,1099907.88,4.42,-2.44,-0.16,0.57
1517,2005-10-17,000925SZ,6.37,6.45,6.47,6.31,1359,870166.0,2.5,0.78,0.05,0.45
1518,2005-10-18,000925SZ,6.4,6.58,6.61,6.4,4114,2682987.75,3.26,2.02,0.13,1.37
1519,2005-10-19,000925SZ,6.56,6.59,6.75,6.55,2924,1942545.5,3.04,0.15,0.01,0.97
1520,2005-10-20,000925SZ,6.34,6.33,6.5,6.21,3134,1985589.0,4.4,-3.95,-0.26,1.04
1521,2005-10-24,000925SZ,5.7,5.7,5.97,5.7,14068,8068402.0,4.27,-9.95,-0.63,4.69
1522,2005-10-25,000925SZ,5.62,5.52,5.72,5.5,7241,4062401.5,3.86,-3.16,-0.18,2.41
1523,2005-10-26,000925SZ,5.5,5.14,5.5,5.1,6065,3220717.25,7.25,-6.88,-0.38,2.02
1524,2005-10-27,000925SZ,5.1,5.16,5.25,5.1,4004,2066382.12,2.92,0.39,0.02,1.33
1525,2005-10-28,000925SZ,5.17,4.79,5.21,4.7,4687,2304446.5,9.88,-7.17,-0.37,1.56
1526,2005-10-31,000925SZ,4.78,4.93,4.93,4.78,3367,1638652.12,3.13,2.92,0.14,1.12
1527,2005-11-01,000925SZ,4.93,4.96,5.0,4.63,3771,1805648.38,7.51,0.61,0.03,1.26
1528,2005-11-02,000925SZ,4.93,5.18,5.25,4.93,7134,3653442.5,6.45,4.44,0.22,2.38
1529,2005-11-03,000925SZ,5.18,5.07,5.18,5.02,3914,1992387.25,3.09,-2.12,-0.11,1.3
1530,2005-11-04,000925SZ,5.07,5.09,5.11,4.94,1971,988573.75,3.35,0.39,0.02,0.66
1531,2005-11-07,000925SZ,5.01,5.14,5.15,4.91,2735,1378493.12,4.72,0.98,0.05,0.91
1532,2005-11-08,000925SZ,5.13,5.19,5.2,5.02,3746,1925380.12,3.5,0.97,0.05,1.25
1533,2005-11-09,000925SZ,5.23,5.21,5.34,5.12,4049,2120712.75,4.24,0.39,0.02,1.35
1534,2005-11-10,000925SZ,5.23,4.92,5.23,4.9,4155,2097704.25,6.33,-5.57,-0.29,1.39
1535,2005-11-11,000925SZ,4.9,4.9,5.03,4.87,3711,1824867.88,3.25,-0.41,-0.02,1.24
1536,2005-11-14,000925SZ,4.86,4.95,4.96,4.86,1975,972687.31,2.04,1.02,0.05,0.66
1537,2005-11-15,000925SZ,4.98,5.02,5.07,4.9,3174,1585404.0,3.43,1.41,0.07,1.06
1538,2005-11-16,000925SZ,5.01,5.2,5.23,4.92,5328,2714825.25,6.18,3.59,0.18,1.78
1539,2005-11-17,000925SZ,5.16,5.22,5.29,5.05,5311,2767694.0,4.62,0.38,0.02,1.77
1540,2005-11-18,000925SZ,5.23,5.35,5.4,5.17,6502,3443084.5,4.41,2.49,0.13,2.17
1541,2005-11-21,000925SZ,5.31,5.27,5.35,5.22,3996,2104036.5,2.43,-1.5,-0.08,1.33
1542,2005-11-22,000925SZ,5.25,5.05,5.27,5.05,2490,1287139.0,4.17,-4.17,-0.22,0.83
1543,2005-11-23,000925SZ,5.04,5.12,5.13,5.0,2098,1062603.5,2.57,1.39,0.07,0.7
1544,2005-11-24,000925SZ,5.06,5.18,5.2,5.06,2462,1260712.12,2.73,1.17,0.06,0.82
1545,2005-11-25,000925SZ,5.17,5.29,5.3,5.1,4662,2439618.75,3.86,2.12,0.11,1.55
1546,2005-11-28,000925SZ,5.29,5.24,5.29,5.15,3272,1705850.25,2.65,-0.95,-0.05,1.09
1547,2005-11-29,000925SZ,5.2,5.11,5.24,5.1,1791,922219.0,2.67,-2.48,-0.13,0.6
1548,2005-11-30,000925SZ,5.05,5.3,5.33,5.05,6886,3612793.0,5.48,3.72,0.19,2.3
1549,2005-12-01,000925SZ,5.2,5.3,5.32,5.2,1633,857193.12,2.26,0.0,0.0,0.54
1550,2005-12-02,000925SZ,5.28,5.19,5.28,5.1,1919,996188.5,3.4,-2.08,-0.11,0.64
1551,2005-12-05,000925SZ,5.39,5.71,5.71,5.11,13111,7001300.0,11.56,10.02,0.52,4.37
1552,2005-12-06,000925SZ,5.58,5.63,5.69,5.37,16273,9075075.0,5.6,-1.4,-0.08,5.42
1553,2005-12-07,000925SZ,5.69,5.6,5.7,5.53,8830,4963426.0,3.02,-0.53,-0.03,2.94
1554,2005-12-08,000925SZ,5.64,5.63,5.68,5.53,12360,6938754.5,2.68,0.54,0.03,4.12
1555,2005-12-09,000925SZ,5.6,5.69,5.79,5.54,13079,7441924.5,4.44,1.07,0.06,4.36
1556,2005-12-12,000925SZ,5.71,5.44,5.77,5.34,16524,9050394.0,7.56,-4.39,-0.25,5.51
1557,2005-12-13,000925SZ,5.44,5.46,5.51,5.23,7979,4286786.5,5.15,0.37,0.02,2.66
1558,2005-12-14,000925SZ,5.48,5.48,5.55,5.35,6009,3286297.5,3.66,0.37,0.02,2.0
1559,2005-12-15,000925SZ,5.48,5.43,5.52,5.35,3548,1923514.12,3.1,-0.91,-0.05,1.18
1560,2005-12-16,000925SZ,5.46,5.61,5.67,5.37,9436,5224780.5,5.52,3.31,0.18,3.15
1561,2005-12-19,000925SZ,5.59,5.65,5.67,5.46,4419,2456439.5,3.74,0.71,0.04,1.47
1562,2005-12-20,000925SZ,5.7,5.58,5.7,5.55,3241,1816942.0,2.65,-1.24,-0.07,1.08
1563,2005-12-21,000925SZ,5.8,5.64,5.8,5.57,12732,7181773.0,4.12,1.08,0.06,4.24
1564,2005-12-22,000925SZ,5.62,5.49,5.62,5.4,3712,2032238.38,3.9,-2.66,-0.15,1.24
1565,2005-12-23,000925SZ,5.46,5.49,5.56,5.46,2474,1358282.75,1.82,0.0,0.0,0.82
1566,2005-12-26,000925SZ,5.49,5.51,5.53,5.41,3066,1677442.12,2.19,0.36,0.02,1.02
1567,2005-12-27,000925SZ,5.5,5.45,5.5,5.43,2017,1100497.0,1.27,-1.09,-0.06,0.67
1568,2005-12-28,000925SZ,4.97,4.93,5.3,4.91,23581,11787804.0,7.16,-9.54,-0.52,7.86
1569,2005-12-29,000925SZ,4.9,4.8,4.9,4.71,18083,8629240.0,3.85,-2.64,-0.13,6.03
1570,2005-12-30,000925SZ,4.73,4.79,4.83,4.73,8366,4005434.0,2.08,-0.21,-0.01,2.79
1571,2006-01-04,000925SZ,4.78,4.8,4.81,4.75,5585,2674600.75,1.25,0.21,0.01,1.86
1572,2006-01-05,000925SZ,4.8,4.86,4.88,4.74,6999,3349716.75,2.92,1.25,0.06,2.33
1573,2006-01-06,000925SZ,4.85,4.86,4.9,4.81,7375,3583905.25,1.85,0.0,0.0,2.46
1574,2006-01-09,000925SZ,4.86,4.9,4.94,4.8,5956,2907746.5,2.88,0.82,0.04,1.99
1575,2006-01-11,000925SZ,4.9,4.8,4.9,4.76,6078,2935035.25,2.86,-2.04,-0.1,2.03
1576,2006-01-12,000925SZ,4.81,4.93,4.94,4.78,7262,3545344.75,3.33,2.71,0.13,2.42
1577,2006-01-13,000925SZ,4.93,5.02,5.05,4.92,8248,4116427.5,2.64,1.83,0.09,2.75
1578,2006-01-16,000925SZ,5.0,4.88,5.0,4.88,5118,2527091.0,2.39,-2.79,-0.14,1.71
1579,2006-01-17,000925SZ,4.81,4.86,4.93,4.81,2483,1210626.62,2.46,-0.41,-0.02,0.83
1580,2006-01-18,000925SZ,4.85,4.98,5.03,4.85,6585,3267692.75,3.7,2.47,0.12,2.2
1581,2006-01-19,000925SZ,4.98,4.93,5.05,4.88,5324,2633284.25,3.41,-1.0,-0.05,1.77
1582,2006-01-20,000925SZ,4.9,4.82,4.93,4.77,6467,3137971.75,3.25,-2.23,-0.11,2.16
1583,2006-01-23,000925SZ,4.79,4.49,4.8,4.35,10651,4791982.0,9.34,-6.85,-0.33,3.55
1584,2006-01-24,000925SZ,4.46,4.41,4.46,4.38,4849,2141159.25,1.78,-1.78,-0.08,1.62
1585,2006-01-25,000925SZ,4.41,4.25,4.47,4.05,6420,2750697.25,9.52,-3.63,-0.16,2.14
1586,2006-02-06,000925SZ,4.23,4.41,4.43,4.23,3640,1586048.25,4.71,3.76,0.16,1.21
1587,2006-02-07,000925SZ,4.4,4.48,4.49,4.34,6144,2718607.25,3.4,1.59,0.07,2.05
1588,2006-02-08,000925SZ,4.5,4.55,4.57,4.44,5422,2445674.5,2.9,1.56,0.07,1.81
1589,2006-02-09,000925SZ,4.55,4.48,4.55,4.45,3020,1363083.12,2.2,-1.54,-0.07,1.01
1590,2006-02-10,000925SZ,4.48,4.56,4.62,4.48,4187,1904959.38,3.13,1.79,0.08,1.4
1591,2006-02-13,000925SZ,4.58,4.52,4.58,4.45,2766,1249713.0,2.85,-0.88,-0.04,0.92
1592,2006-02-14,000925SZ,4.52,4.58,4.62,4.49,3676,1674526.12,2.88,1.33,0.06,1.23
1593,2006-02-15,000925SZ,4.58,4.63,4.63,4.53,5194,2387160.75,2.18,1.09,0.05,1.73
1594,2006-02-16,000925SZ,4.62,4.48,4.63,4.43,4623,2079391.0,4.32,-3.24,-0.15,1.54
1595,2006-02-17,000925SZ,4.4,4.42,4.5,4.4,2126,944570.56,2.23,-1.34,-0.06,0.71
1596,2006-02-20,000925SZ,4.4,4.3,4.41,4.28,2696,1171321.5,2.94,-2.71,-0.12,0.9
1597,2006-02-21,000925SZ,4.29,4.4,4.42,4.25,2130,924199.5,3.95,2.33,0.1,0.71
1598,2006-02-22,000925SZ,4.4,4.44,4.53,4.4,2685,1197581.75,2.95,0.91,0.04,0.89
1599,2006-02-23,000925SZ,4.42,4.52,4.55,4.39,4065,1813891.25,3.6,1.8,0.08,1.36
1600,2006-02-24,000925SZ,4.54,4.49,4.54,4.45,2540,1137775.38,1.99,-0.66,-0.03,0.85
1601,2006-02-27,000925SZ,4.49,4.44,4.5,4.43,2484,1105756.25,1.56,-1.11,-0.05,0.83
1602,2006-02-28,000925SZ,4.44,4.52,4.53,4.36,2390,1061781.62,3.83,1.8,0.08,0.8
1603,2006-03-01,000925SZ,4.46,4.53,4.55,4.46,3752,1694174.38,1.99,0.22,0.01,1.25
1604,2006-03-02,000925SZ,4.53,4.38,4.53,4.35,3877,1720133.88,3.97,-3.31,-0.15,1.29
1605,2006-03-03,000925SZ,4.37,4.21,4.38,4.18,4964,2115290.5,4.57,-3.88,-0.17,1.65
1606,2006-03-06,000925SZ,4.21,4.26,4.27,4.19,2474,1047034.31,1.9,1.19,0.05,0.82
1607,2006-03-07,000925SZ,4.28,4.1,4.28,4.09,3251,1353400.25,4.46,-3.76,-0.16,1.08
1608,2006-03-08,000925SZ,4.1,4.15,4.18,4.06,2144,882253.75,2.93,1.22,0.05,0.71
1609,2006-03-09,000925SZ,4.15,4.07,4.15,4.04,2201,901504.44,2.65,-1.93,-0.08,0.73
1610,2006-03-10,000925SZ,4.07,4.11,4.12,4.01,2978,1210771.0,2.7,0.98,0.04,0.99
1611,2006-03-13,000925SZ,4.14,4.13,4.14,4.08,1398,575578.81,1.46,0.49,0.02,0.47
1612,2006-03-14,000925SZ,4.0,3.94,4.0,3.89,9351,3683675.5,2.66,-4.6,-0.19,3.12
1613,2006-03-15,000925SZ,3.93,4.07,4.08,3.91,6572,2614591.75,4.31,3.3,0.13,2.19
1614,2006-03-16,000925SZ,4.02,3.98,4.07,3.88,5676,2266056.5,4.67,-2.21,-0.09,1.89
1615,2006-03-17,000925SZ,3.93,4.03,4.07,3.93,5768,2313465.0,3.52,1.26,0.05,1.92
1616,2006-03-20,000925SZ,4.03,4.09,4.1,3.95,6134,2478049.0,3.72,1.49,0.06,2.04
1617,2006-03-21,000925SZ,4.12,4.14,4.14,4.06,6178,2534370.5,1.96,1.22,0.05,2.06
1618,2006-03-23,000925SZ,4.55,4.55,4.55,4.55,5709,2597558.5,0.0,9.9,0.41,1.9
1619,2006-03-24,000925SZ,5.01,4.58,5.01,4.54,29542,14127690.0,10.33,0.66,0.03,9.85
1620,2006-03-27,000925SZ,4.5,4.4,4.55,4.28,10123,4433035.0,5.9,-3.93,-0.18,3.37
1621,2006-03-28,000925SZ,4.4,4.41,4.42,4.3,6765,2939994.5,2.73,0.23,0.01,2.26
1622,2006-03-29,000925SZ,4.41,4.34,4.41,4.33,3680,1606597.75,1.81,-1.59,-0.07,1.23
1623,2006-03-30,000925SZ,4.34,4.3,4.34,4.22,4602,1971407.62,2.76,-0.92,-0.04,1.53
1624,2006-03-31,000925SZ,4.29,4.24,4.34,4.2,2808,1189860.38,3.26,-1.4,-0.06,0.94
1625,2006-04-03,000925SZ,4.24,4.28,4.33,4.2,3898,1659933.62,3.07,0.94,0.04,1.3
1626,2006-04-04,000925SZ,4.26,4.29,4.31,4.21,3877,1649497.75,2.34,0.23,0.01,1.29
1627,2006-04-05,000925SZ,4.3,4.33,4.4,4.26,3557,1541857.38,3.26,0.93,0.04,1.19
1628,2006-04-06,000925SZ,4.32,4.25,4.37,4.24,3740,1599992.0,3.0,-1.85,-0.08,1.25
1629,2006-04-07,000925SZ,4.25,4.29,4.3,4.23,4642,1982365.5,1.65,0.94,0.04,1.55
1630,2006-04-10,000925SZ,4.29,4.4,4.43,4.28,6695,2914281.75,3.5,2.56,0.11,2.23
1631,2006-04-11,000925SZ,4.38,4.36,4.39,4.27,6203,2694881.5,2.73,-0.91,-0.04,2.07
1632,2006-04-12,000925SZ,4.36,4.34,4.36,4.29,4837,2086229.38,1.61,-0.46,-0.02,1.61
1633,2006-04-13,000925SZ,4.33,4.17,4.34,4.15,5840,2492100.75,4.38,-3.92,-0.17,1.95
1634,2006-04-14,000925SZ,4.16,4.19,4.25,4.12,4180,1741909.62,3.12,0.48,0.02,1.39
1635,2006-04-17,000925SZ,4.2,4.19,4.24,4.16,3747,1573529.62,1.91,0.0,0.0,1.25
1636,2006-04-18,000925SZ,4.19,4.07,4.2,4.05,5240,2156259.5,3.58,-2.86,-0.12,1.75
1637,2006-04-20,000925SZ,4.06,3.82,4.12,3.75,7542,2914933.25,9.09,-6.14,-0.25,2.51
1638,2006-04-21,000925SZ,3.75,3.8,3.82,3.65,6853,2565811.5,4.45,-0.52,-0.02,2.28
1639,2006-04-24,000925SZ,3.81,3.61,3.81,3.6,5235,1927262.5,5.53,-5.0,-0.19,1.75
1640,2006-04-25,000925SZ,3.55,3.53,3.63,3.45,4566,1607422.75,4.99,-2.22,-0.08,1.52
1641,2006-04-26,000925SZ,3.5,3.53,3.62,3.46,5268,1855013.25,4.53,0.0,0.0,1.76
1642,2006-04-27,000925SZ,3.51,3.65,3.66,3.45,5427,1900699.5,5.95,3.4,0.12,1.81
1643,2006-05-08,000925SZ,3.82,3.75,3.83,3.62,12441,4627726.5,5.75,2.74,0.1,4.15
1644,2006-05-09,000925SZ,3.74,3.79,3.79,3.56,12253,4480264.5,6.13,1.07,0.04,4.08
1645,2006-05-10,000925SZ,3.75,3.9,3.93,3.71,11983,4600766.0,5.8,2.9,0.11,3.99
1646,2006-05-11,000925SZ,3.89,3.9,3.95,3.82,8954,3474738.75,3.33,0.0,0.0,2.98
1647,2006-05-12,000925SZ,3.9,3.92,3.95,3.84,7937,3097007.75,2.82,0.51,0.02,2.65
1648,2006-05-15,000925SZ,3.96,4.11,4.12,3.9,12832,5171636.5,5.61,4.85,0.19,4.28
1649,2006-05-16,000925SZ,4.1,4.2,4.27,3.98,15490,6364798.5,7.06,2.19,0.09,5.16
1650,2006-05-17,000925SZ,4.22,4.17,4.24,4.08,12243,5101311.5,3.81,-0.71,-0.03,4.08
1651,2006-05-18,000925SZ,4.17,4.22,4.24,4.13,7016,2940622.5,2.64,1.2,0.05,2.34
1652,2006-05-19,000925SZ,4.25,4.27,4.32,4.21,9238,3949662.5,2.61,1.18,0.05,3.08
1653,2006-05-22,000925SZ,4.27,4.48,4.48,4.27,7818,3481109.0,4.92,4.92,0.21,2.61
1654,2006-05-23,000925SZ,4.59,4.46,4.7,4.42,21406,9840236.0,6.25,-0.45,-0.02,7.14
1655,2006-05-24,000925SZ,4.4,4.24,4.55,4.24,12033,5211997.5,6.95,-4.93,-0.22,4.01
1656,2006-05-25,000925SZ,4.2,4.24,4.25,4.12,5878,2463708.75,3.07,0.0,0.0,1.96
1657,2006-05-26,000925SZ,4.22,4.4,4.45,4.22,9195,4042292.0,5.42,3.77,0.16,3.07
1658,2006-05-29,000925SZ,4.4,4.62,4.62,4.4,12190,5569937.0,5.0,5.0,0.22,4.06
1659,2006-05-30,000925SZ,4.66,4.75,4.8,4.6,13642,6446883.0,4.33,2.81,0.13,4.55
1660,2006-05-31,000925SZ,4.7,4.71,4.9,4.66,11247,5368608.0,5.05,-0.84,-0.04,3.75
1661,2006-06-01,000925SZ,4.71,4.89,4.92,4.71,9528,4630878.5,4.46,3.82,0.18,3.18
1662,2006-06-02,000925SZ,4.91,5.03,5.09,4.79,17279,8517927.0,6.13,2.86,0.14,5.76
1663,2006-06-05,000925SZ,5.0,5.09,5.15,4.82,12752,6389103.5,6.56,1.19,0.06,4.25
1664,2006-06-06,000925SZ,5.05,5.08,5.18,5.02,8934,4561047.5,3.14,-0.2,-0.01,2.98
1665,2006-06-07,000925SZ,5.07,4.83,5.07,4.83,6224,3064865.75,4.72,-4.92,-0.25,2.07
1666,2006-06-08,000925SZ,4.59,4.59,4.68,4.59,9360,4301471.0,1.86,-4.97,-0.24,3.12
1667,2006-06-09,000925SZ,4.58,4.36,4.7,4.36,8731,3939173.75,7.41,-5.01,-0.23,2.91
1668,2006-06-12,000925SZ,4.29,4.19,4.32,4.14,6711,2813482.25,4.13,-3.9,-0.17,2.24
1669,2006-06-13,000925SZ,4.21,4.26,4.32,4.18,4229,1793940.25,3.34,1.67,0.07,1.41
1670,2006-06-14,000925SZ,4.26,4.08,4.26,4.05,7903,3211018.0,4.93,-4.23,-0.18,2.63
1671,2006-06-15,000925SZ,4.08,4.09,4.13,4.05,5216,2133120.25,1.96,0.25,0.01,1.74
1672,2006-06-16,000925SZ,4.1,4.21,4.24,4.1,3788,1578743.12,3.42,2.93,0.12,1.26
1673,2006-06-19,000925SZ,4.21,4.23,4.26,4.13,4825,2027931.12,3.09,0.48,0.02,1.61
1674,2006-06-21,000925SZ,4.28,4.38,4.42,4.25,6862,2968131.0,4.02,3.55,0.15,2.29
1675,2006-06-22,000925SZ,4.45,4.26,4.46,4.26,4688,2026305.25,4.57,-2.74,-0.12,1.56
1676,2006-06-23,000925SZ,4.23,4.35,4.36,4.22,4605,1974271.5,3.29,2.11,0.09,1.53
1677,2006-06-26,000925SZ,4.3,4.39,4.42,4.3,3991,1743313.38,2.76,0.92,0.04,1.33
1678,2006-06-27,000925SZ,4.39,4.41,4.45,4.36,4101,1804073.88,2.05,0.46,0.02,1.37
1679,2006-06-28,000925SZ,4.38,4.42,4.45,4.34,5188,2273878.5,2.49,0.23,0.01,1.73
1680,2006-06-29,000925SZ,4.42,4.46,4.51,4.42,5647,2520859.75,2.04,0.9,0.04,1.88
1681,2006-06-30,000925SZ,4.47,4.5,4.51,4.42,5921,2648444.0,2.02,0.9,0.04,1.97
1682,2006-07-03,000925SZ,4.57,4.57,4.59,4.51,6714,3058718.25,1.78,1.56,0.07,2.24
1683,2006-07-04,000925SZ,4.56,4.47,4.64,4.45,6907,3144644.75,4.16,-2.19,-0.1,2.3
1684,2006-07-05,000925SZ,4.49,4.42,4.5,4.39,5230,2318549.0,2.46,-1.12,-0.05,1.74
1685,2006-07-06,000925SZ,4.43,4.5,4.55,4.39,4253,1908851.75,3.62,1.81,0.08,1.42
1686,2006-07-07,000925SZ,4.5,4.72,4.73,4.46,11724,5434944.0,6.0,4.89,0.22,3.91
1687,2006-07-10,000925SZ,4.74,4.73,4.79,4.58,6938,3256337.75,4.45,0.21,0.01,2.31
1688,2006-07-11,000925SZ,4.72,4.8,4.87,4.63,6654,3191289.5,5.07,1.48,0.07,2.22
1689,2006-07-12,000925SZ,4.79,4.63,4.79,4.63,6989,3286703.0,3.33,-3.54,-0.17,2.33
1690,2006-07-13,000925SZ,4.65,4.4,4.72,4.4,8647,3901030.0,6.91,-4.97,-0.23,2.88
1691,2006-07-14,000925SZ,4.35,4.27,4.4,4.2,8110,3491402.0,4.55,-2.95,-0.13,2.7
1692,2006-07-17,000925SZ,4.27,4.41,4.44,4.21,4918,2148912.5,5.39,3.28,0.14,1.64
1693,2006-07-18,000925SZ,4.4,4.45,4.45,4.3,3733,1627267.75,3.4,0.91,0.04,1.24
1694,2006-07-19,000925SZ,4.45,4.3,4.45,4.26,3644,1578531.75,4.27,-3.37,-0.15,1.21
1695,2006-07-20,000925SZ,4.26,4.31,4.37,4.25,2122,918746.69,2.79,0.23,0.01,0.71
1696,2006-07-21,000925SZ,4.36,4.46,4.47,4.31,4270,1889360.38,3.71,3.48,0.15,1.42
1697,2006-07-24,000925SZ,4.46,4.47,4.5,4.36,3342,1484356.25,3.14,0.22,0.01,1.11
1698,2006-07-25,000925SZ,4.47,4.63,4.69,4.42,8686,3969763.0,6.04,3.58,0.16,2.9
1699,2006-07-26,000925SZ,4.61,4.63,4.65,4.55,3998,1837389.12,2.16,0.0,0.0,1.33
1700,2006-07-27,000925SZ,4.6,4.54,4.65,4.46,3816,1733429.5,4.1,-1.94,-0.09,1.27
1701,2006-07-28,000925SZ,4.56,4.63,4.71,4.53,8219,3817388.25,3.96,1.98,0.09,2.74
1702,2006-07-31,000925SZ,4.62,4.4,4.68,4.4,6274,2798707.25,6.05,-4.97,-0.23,2.09
1703,2006-08-01,000925SZ,4.39,4.35,4.42,4.34,2284,1001229.12,1.82,-1.14,-0.05,0.76
1704,2006-08-02,000925SZ,4.4,4.31,4.4,4.25,3638,1577282.0,3.45,-0.92,-0.04,1.21
1705,2006-08-03,000925SZ,4.28,4.21,4.34,4.14,2859,1219318.75,4.64,-2.32,-0.1,0.95
1706,2006-08-04,000925SZ,4.21,4.15,4.26,4.15,2807,1178851.0,2.61,-1.43,-0.06,0.94
1707,2006-08-07,000925SZ,4.13,3.98,4.13,3.94,5466,2176964.75,4.58,-4.1,-0.17,1.82
1708,2006-08-08,000925SZ,3.98,4.12,4.12,3.98,2554,1027397.0,3.52,3.52,0.14,0.85
1709,2006-08-09,000925SZ,4.12,4.05,4.12,4.0,2756,1116100.75,2.91,-1.7,-0.07,0.92
1710,2006-08-10,000925SZ,4.03,4.16,4.18,4.02,2006,825486.0,3.95,2.72,0.11,0.67
1711,2006-08-11,000925SZ,4.16,4.14,4.17,4.05,1535,633079.0,2.88,-0.48,-0.02,0.51
1712,2006-08-14,000925SZ,4.05,3.99,4.14,3.93,3620,1457672.0,5.07,-3.62,-0.15,1.21
1713,2006-08-15,000925SZ,4.05,4.08,4.1,3.98,1633,658039.5,3.01,2.26,0.09,0.54
1714,2006-08-16,000925SZ,4.08,4.16,4.17,4.07,2588,1066942.75,2.45,1.96,0.08,0.86
1715,2006-08-17,000925SZ,4.12,4.24,4.24,4.09,2542,1058071.62,3.61,1.92,0.08,0.85
1716,2006-08-18,000925SZ,4.45,4.45,4.45,4.45,4598,2046239.0,0.0,4.95,0.21,1.53
1717,2006-08-21,000925SZ,4.48,4.67,4.67,4.44,28950,13370134.0,5.17,4.94,0.22,9.65
1718,2006-08-22,000925SZ,4.59,4.62,4.65,4.52,8765,4017932.5,2.78,-1.07,-0.05,2.92
1719,2006-08-23,000925SZ,4.57,4.56,4.62,4.51,6732,3065073.0,2.38,-1.3,-0.06,2.24
1720,2006-08-24,000925SZ,4.54,4.55,4.58,4.52,3782,1720381.0,1.32,-0.22,-0.01,1.26
1721,2006-08-25,000925SZ,4.56,4.48,4.57,4.46,6648,2993643.5,2.42,-1.54,-0.07,2.22
1722,2006-08-28,000925SZ,4.48,4.7,4.7,4.46,9172,4262693.5,5.36,4.91,0.22,3.06
1723,2006-08-29,000925SZ,4.73,4.64,4.88,4.62,12182,5772880.0,5.53,-1.28,-0.06,4.06
1724,2006-08-30,000925SZ,4.58,4.61,4.64,4.56,5553,2550203.5,1.72,-0.65,-0.03,1.85
1725,2006-08-31,000925SZ,4.59,4.58,4.61,4.45,7397,3350684.0,3.47,-0.65,-0.03,2.47
1726,2006-09-01,000925SZ,4.56,4.39,4.57,4.38,8516,3789462.0,4.15,-4.15,-0.19,2.84
1727,2006-09-04,000925SZ,4.39,4.49,4.55,4.35,4235,1883841.75,4.56,2.28,0.1,1.41
1728,2006-09-05,000925SZ,4.49,4.58,4.63,4.47,5729,2623157.0,3.56,2.0,0.09,1.91
1729,2006-09-06,000925SZ,4.58,4.59,4.66,4.54,3777,1738281.75,2.62,0.22,0.01,1.26
1730,2006-09-07,000925SZ,4.55,4.47,4.59,4.44,3611,1623168.0,3.27,-2.61,-0.12,1.2
1731,2006-09-08,000925SZ,4.45,4.69,4.69,4.45,12204,5706348.5,5.37,4.92,0.22,4.07
1732,2006-09-11,000925SZ,4.7,4.7,4.78,4.61,9223,4338250.0,3.62,0.21,0.01,3.07
1733,2006-09-12,000925SZ,4.74,4.72,4.79,4.68,7538,3568491.5,2.34,0.43,0.02,2.51
1734,2006-09-13,000925SZ,4.7,4.96,4.96,4.69,22007,10841075.0,5.72,5.08,0.24,7.34
1735,2006-09-14,000925SZ,4.96,4.87,4.99,4.81,11253,5514737.5,3.63,-1.81,-0.09,3.75
1736,2006-09-15,000925SZ,4.88,4.95,5.11,4.88,10742,5374660.5,4.72,1.64,0.08,3.58
1737,2006-09-18,000925SZ,4.99,5.06,5.15,4.92,9076,4603479.0,4.65,2.22,0.11,3.03
1738,2006-09-19,000925SZ,5.09,4.96,5.1,4.96,6768,3398287.0,2.77,-1.98,-0.1,2.26
1739,2006-09-20,000925SZ,4.96,4.93,4.96,4.85,6308,3092073.75,2.22,-0.6,-0.03,2.1
1740,2006-09-21,000925SZ,4.89,4.93,5.08,4.89,5863,2917709.75,3.85,0.0,0.0,1.95
1741,2006-09-22,000925SZ,4.93,4.92,5.05,4.91,6661,3304192.5,2.84,-0.2,-0.01,2.22
1742,2006-09-25,000925SZ,4.93,5.03,5.03,4.85,6786,3353468.5,3.66,2.24,0.11,2.26
1743,2006-09-26,000925SZ,5.0,5.02,5.03,4.92,5231,2602773.0,2.19,-0.2,-0.01,1.74
1744,2006-09-27,000925SZ,5.02,5.15,5.15,4.97,9769,4971199.5,3.59,2.59,0.13,3.26
1745,2006-09-28,000925SZ,5.15,5.23,5.37,5.08,12599,6632314.5,5.63,1.55,0.08,4.2
1746,2006-09-29,000925SZ,5.23,5.12,5.23,5.04,12456,6371110.5,3.63,-2.1,-0.11,4.15
1747,2006-10-09,000925SZ,5.1,5.12,5.21,5.04,6256,3184839.25,3.32,0.0,0.0,2.09
1748,2006-10-10,000925SZ,5.12,5.09,5.12,5.06,4922,2500525.25,1.17,-0.59,-0.03,1.64
1749,2006-10-11,000925SZ,5.09,5.13,5.22,5.06,4720,2428014.75,3.14,0.79,0.04,1.57
1750,2006-10-12,000925SZ,5.13,5.07,5.13,5.07,3629,1847986.38,1.17,-1.17,-0.06,1.21
1751,2006-10-13,000925SZ,5.07,5.18,5.2,5.05,6714,3465863.5,2.96,2.17,0.11,2.24
1752,2006-10-16,000925SZ,5.15,5.44,5.44,5.15,16296,8760612.0,5.6,5.02,0.26,5.43
1753,2006-10-17,000925SZ,5.44,5.25,5.44,5.2,7673,4072104.75,4.41,-3.49,-0.19,2.56
1754,2006-10-18,000925SZ,5.25,5.51,5.51,5.21,6189,3332783.75,5.71,4.95,0.26,2.06
1755,2006-10-19,000925SZ,5.49,5.42,5.57,5.39,8489,4619919.0,3.27,-1.63,-0.09,2.83
1756,2006-10-20,000925SZ,5.33,5.15,5.42,5.15,10801,5656799.0,4.98,-4.98,-0.27,3.6
1757,2006-10-23,000925SZ,5.1,4.89,5.1,4.89,8388,4160614.0,4.08,-5.05,-0.26,2.8
1758,2006-10-24,000925SZ,4.75,4.93,4.98,4.7,9343,4554077.0,5.73,0.82,0.04,3.11
1759,2006-10-25,000925SZ,4.92,4.76,4.93,4.68,8532,4078338.0,5.07,-3.45,-0.17,2.84
1760,2006-10-26,000925SZ,4.74,4.78,4.84,4.7,3225,1546733.0,2.94,0.42,0.02,1.08
1761,2006-10-27,000925SZ,4.76,4.7,4.84,4.55,4819,2273913.5,6.07,-1.67,-0.08,1.61
1762,2006-10-30,000925SZ,4.7,4.84,4.84,4.62,3822,1821021.62,4.68,2.98,0.14,1.27
1763,2006-10-31,000925SZ,4.85,4.93,4.93,4.8,3159,1532586.12,2.69,1.86,0.09,1.05
1764,2006-11-01,000925SZ,4.86,4.86,4.92,4.82,2733,1326489.62,2.03,-1.42,-0.07,0.91
1765,2006-11-02,000925SZ,4.68,4.81,4.94,4.68,1732,837613.62,5.35,-1.03,-0.05,0.58
1766,2006-11-03,000925SZ,4.75,4.8,4.86,4.75,2131,1021089.12,2.29,-0.21,-0.01,0.71
1767,2006-11-06,000925SZ,4.8,4.85,4.95,4.8,3203,1560617.75,3.13,1.04,0.05,1.07
1768,2006-11-07,000925SZ,4.82,4.61,4.83,4.61,7813,3653095.25,4.54,-4.95,-0.24,2.6
1769,2006-11-08,000925SZ,4.55,4.41,4.59,4.38,10642,4711176.5,4.56,-4.34,-0.2,3.55
1770,2006-11-09,000925SZ,4.41,4.5,4.51,4.36,5268,2348184.25,3.4,2.04,0.09,1.76
1771,2006-11-10,000925SZ,4.49,4.38,4.5,4.35,4124,1820728.38,3.33,-2.67,-0.12,1.37
1772,2006-11-13,000925SZ,4.35,4.16,4.4,4.16,5933,2507381.0,5.48,-5.02,-0.22,1.98
1773,2006-11-14,000925SZ,4.07,4.15,4.17,3.96,5980,2435737.0,5.05,-0.24,-0.01,1.99
1774,2006-11-15,000925SZ,4.13,4.2,4.25,4.1,4234,1776524.88,3.61,1.2,0.05,1.41
1775,2006-11-16,000925SZ,4.21,4.18,4.31,4.15,4995,2110284.5,3.81,-0.48,-0.02,1.67
1776,2006-11-17,000925SZ,4.18,4.2,4.24,4.14,2576,1078111.62,2.39,0.48,0.02,0.86
1777,2006-11-20,000925SZ,4.17,4.2,4.23,4.11,2916,1215963.12,2.86,0.0,0.0,0.97
1778,2006-11-21,000925SZ,4.15,4.2,4.26,4.15,3251,1362848.38,2.62,0.0,0.0,1.08
1779,2006-11-22,000925SZ,4.2,4.32,4.35,4.1,6476,2723401.25,5.95,2.86,0.12,2.16
1780,2006-11-23,000925SZ,4.29,4.21,4.32,4.15,5362,2273132.0,3.94,-2.55,-0.11,1.79
1781,2006-11-24,000925SZ,4.21,4.27,4.29,4.21,3077,1308646.0,1.9,1.43,0.06,1.03
1782,2006-11-27,000925SZ,4.23,4.3,4.32,4.21,3682,1567060.88,2.58,0.7,0.03,1.23
1783,2006-11-28,000925SZ,4.28,4.35,4.38,4.25,4089,1764123.25,3.02,1.16,0.05,1.36
1784,2006-11-29,000925SZ,4.35,4.36,4.36,4.26,4776,2050914.12,2.3,0.23,0.01,1.59
1785,2006-11-30,000925SZ,4.35,4.36,4.4,4.3,5584,2422757.0,2.29,0.0,0.0,1.86
1786,2006-12-01,000925SZ,4.36,4.27,4.38,4.24,4617,1975068.5,3.21,-2.06,-0.09,1.54
1787,2006-12-04,000925SZ,4.29,4.35,4.38,4.23,7194,3092997.25,3.51,1.87,0.08,2.4
1788,2006-12-05,000925SZ,4.35,4.46,4.52,4.28,9000,3972093.25,5.52,2.53,0.11,3.0
1789,2006-12-06,000925SZ,4.47,4.53,4.55,4.35,8081,3599499.5,4.48,1.57,0.07,2.69
1790,2006-12-07,000925SZ,4.49,4.49,4.59,4.4,12124,5445305.5,4.19,-0.88,-0.04,4.04
1791,2006-12-08,000925SZ,4.48,4.61,4.71,4.45,16867,7804303.0,5.79,2.67,0.12,5.62
1792,2006-12-11,000925SZ,4.59,4.7,4.72,4.56,8130,3780952.25,3.47,1.95,0.09,2.71
1793,2006-12-12,000925SZ,4.7,4.68,4.73,4.55,5991,2768481.0,3.83,-0.43,-0.02,2.0
1794,2006-12-13,000925SZ,4.7,4.72,4.85,4.7,7604,3631323.75,3.21,0.85,0.04,2.53
1795,2006-12-14,000925SZ,4.71,4.58,4.71,4.52,4518,2079239.38,4.03,-2.97,-0.14,1.51
1796,2006-12-15,000925SZ,4.56,4.53,4.67,4.51,4355,1991486.25,3.49,-1.09,-0.05,1.45
1797,2006-12-18,000925SZ,4.53,4.52,4.55,4.45,5791,2598985.75,2.21,-0.22,-0.01,1.93
1798,2006-12-19,000925SZ,4.51,4.62,4.62,4.49,5786,2633232.0,2.88,2.21,0.1,1.93
1799,2006-12-20,000925SZ,4.59,4.57,4.64,4.47,5531,2532435.5,3.68,-1.08,-0.05,1.84
1800,2006-12-21,000925SZ,4.57,4.67,4.67,4.51,5589,2564328.75,3.5,2.19,0.1,1.86
1801,2006-12-22,000925SZ,4.66,4.75,4.79,4.58,7381,3473174.25,4.5,1.71,0.08,2.46
1802,2006-12-25,000925SZ,4.79,4.67,4.85,4.65,7974,3761204.5,4.21,-1.68,-0.08,2.66
1803,2006-12-26,000925SZ,4.71,4.44,4.71,4.44,7143,3264604.25,5.78,-4.93,-0.23,2.38
1804,2006-12-27,000925SZ,4.3,4.48,4.5,4.3,6061,2672560.25,4.5,0.9,0.04,2.02
1805,2006-12-28,000925SZ,4.49,4.37,4.5,4.31,4654,2039972.62,4.24,-2.46,-0.11,1.55
1806,2006-12-29,000925SZ,4.34,4.32,4.38,4.15,7162,3047829.25,5.26,-1.14,-0.05,2.39
1807,2007-01-04,000925SZ,4.32,4.43,4.52,4.22,4982,2174500.75,6.94,2.55,0.11,1.66
1808,2007-01-05,000925SZ,4.43,4.65,4.65,4.36,5198,2385217.25,6.55,4.97,0.22,1.73
1809,2007-01-08,000925SZ,4.74,4.88,4.88,4.74,2749,1337482.88,3.01,4.95,0.23,0.92
1810,2007-01-09,000925SZ,5.12,5.12,5.12,5.12,2566,1313587.25,0.0,4.92,0.24,0.86
1811,2007-01-10,000925SZ,5.38,5.38,5.38,5.23,30619,16383870.0,2.93,5.08,0.26,10.21
1812,2007-01-11,000925SZ,5.65,5.65,5.65,5.53,8003,4514237.0,2.23,5.02,0.27,2.67
1813,2007-01-12,000925SZ,5.93,5.73,5.93,5.65,21828,12890631.0,4.96,1.42,0.08,7.28
1814,2007-01-15,000925SZ,5.65,5.71,6.02,5.45,16051,9301930.0,9.95,-0.35,-0.02,5.35
1815,2007-01-16,000925SZ,5.59,5.51,5.65,5.42,16585,9137412.0,4.03,-3.5,-0.2,5.53
1816,2007-01-17,000925SZ,5.49,5.79,5.79,5.48,11054,6364873.5,5.63,5.08,0.28,3.68
1817,2007-01-18,000925SZ,5.99,6.08,6.08,5.82,12805,7767329.0,4.49,5.01,0.29,4.27
1818,2007-01-19,000925SZ,6.2,6.38,6.38,6.2,2066,1316495.75,2.96,4.93,0.3,0.69
1819,2007-01-22,000925SZ,6.7,6.7,6.7,6.7,1512,1013046.69,0.0,5.02,0.32,0.5
1820,2007-01-23,000925SZ,7.04,7.04,7.04,6.8,16567,11594101.0,3.58,5.07,0.34,5.52
1821,2007-01-24,000925SZ,7.04,6.8,7.08,6.76,8067,5549598.0,4.55,-3.41,-0.24,2.69
1822,2007-01-25,000925SZ,6.8,6.9,7.09,6.8,5687,3960265.75,4.26,1.47,0.1,1.9
1823,2007-01-26,000925SZ,6.88,6.76,6.88,6.56,6604,4405082.0,4.64,-2.03,-0.14,2.2
1824,2007-01-29,000925SZ,7.04,7.1,7.1,7.04,4755,3373604.75,0.89,5.03,0.34,1.59
1825,2007-01-30,000925SZ,7.38,7.46,7.46,7.28,13918,10302985.0,2.54,5.07,0.36,4.64
1826,2007-01-31,000925SZ,7.58,7.41,7.58,7.32,10281,7621869.0,3.49,-0.67,-0.05,3.43
1827,2007-02-01,000925SZ,7.25,7.45,7.65,7.24,5388,4021094.5,5.53,0.54,0.04,1.8
1828,2007-02-02,000925SZ,7.45,7.08,7.45,7.08,7398,5362160.0,4.97,-4.97,-0.37,2.47
1829,2007-02-05,000925SZ,6.81,6.73,7.0,6.73,6964,4741319.0,3.81,-4.94,-0.35,2.32
1830,2007-02-06,000925SZ,6.68,6.98,6.98,6.68,3403,2329177.5,4.46,3.71,0.25,1.13
1831,2007-02-07,000925SZ,7.07,6.91,7.07,6.78,2574,1773086.5,4.15,-1.0,-0.07,0.86
1832,2007-02-08,000925SZ,6.95,6.95,6.97,6.81,1902,1313077.75,2.32,0.58,0.04,0.63
1833,2007-02-09,000925SZ,6.93,7.2,7.25,6.93,3250,2331962.0,4.6,3.6,0.25,1.08
1834,2007-02-12,000925SZ,7.23,7.56,7.56,7.23,3466,2601845.25,4.58,5.0,0.36,1.16
1835,2007-02-13,000925SZ,7.94,7.94,7.94,7.78,10936,8634795.0,2.12,5.03,0.38,3.65
1836,2007-02-14,000925SZ,7.92,7.86,8.11,7.78,5823,4645913.5,4.16,-1.01,-0.08,1.94
1837,2007-02-15,000925SZ,7.82,7.89,7.99,7.75,6223,4883014.0,3.05,0.38,0.03,2.07
1838,2007-02-16,000925SZ,7.99,7.84,7.99,7.8,8162,6405651.5,2.41,-0.63,-0.05,2.72
1839,2007-02-26,000925SZ,7.89,8.23,8.23,7.82,5702,4617434.5,5.23,4.97,0.39,1.9
1840,2007-02-27,000925SZ,8.23,8.22,8.64,8.2,16943,14435539.0,5.35,-0.12,-0.01,5.65
1841,2007-02-28,000925SZ,8.0,8.63,8.63,7.9,8702,7320250.5,8.88,4.99,0.41,2.9
1842,2007-03-01,000925SZ,8.8,9.06,9.06,8.4,9928,8805110.0,7.65,4.98,0.43,3.31
1843,2007-03-02,000925SZ,9.1,9.51,9.51,9.1,4438,4203973.0,4.53,4.97,0.45,1.48
1844,2007-03-05,000925SZ,9.99,9.99,9.99,9.65,9651,9632766.0,3.58,5.05,0.48,3.22
1845,2007-03-06,000925SZ,9.99,9.82,10.49,9.61,13865,13832862.0,8.81,-1.7,-0.17,4.62
1846,2007-03-07,000925SZ,9.56,10.05,10.18,9.56,7052,6905069.5,6.31,2.34,0.23,2.35
1847,2007-03-08,000925SZ,10.24,10.0,10.39,9.93,4120,4166037.0,4.58,-0.5,-0.05,1.37
1848,2007-03-09,000925SZ,10.1,9.99,10.16,9.72,8164,8080723.0,4.4,-0.1,-0.01,2.72
1849,2007-03-12,000925SZ,9.94,10.49,10.49,9.85,10434,10691411.0,6.41,5.01,0.5,3.48
1850,2007-03-13,000925SZ,10.8,11.01,11.01,10.71,6849,7513514.0,2.86,4.96,0.52,2.28
1851,2007-03-14,000925SZ,11.56,11.56,11.56,11.2,14567,16779616.0,3.27,5.0,0.55,4.86
1852,2007-03-15,000925SZ,11.95,12.14,12.14,11.6,10813,13017131.0,4.67,5.02,0.58,3.6
1853,2007-03-16,000925SZ,12.24,12.0,12.75,11.53,17178,21300962.0,10.05,-1.15,-0.14,5.73
1854,2007-03-19,000925SZ,11.54,11.64,11.95,11.45,9157,10722376.0,4.17,-3.0,-0.36,3.05
1855,2007-03-20,000925SZ,11.68,11.91,12.2,11.64,5765,6897727.5,4.81,2.32,0.27,1.92
1856,2007-03-21,000925SZ,12.0,12.45,12.5,11.91,8901,10883631.0,4.95,4.53,0.54,2.97
1857,2007-03-22,000925SZ,12.51,12.4,12.97,12.1,10092,12787713.0,6.99,-0.4,-0.05,3.36
1858,2007-03-23,000925SZ,12.4,11.8,12.77,11.78,13630,16402426.0,7.98,-4.84,-0.6,4.54
1859,2007-03-26,000925SZ,11.68,11.21,11.69,11.21,9061,10242086.0,4.07,-5.0,-0.59,3.02
1860,2007-03-27,000925SZ,10.65,11.06,11.37,10.65,19950,21612660.0,6.42,-1.34,-0.15,6.65
1861,2007-03-28,000925SZ,10.85,10.53,10.9,10.51,12081,12839011.0,3.53,-4.79,-0.53,4.03
1862,2007-03-29,000925SZ,10.4,10.55,10.83,10.4,12869,13770318.0,4.08,0.19,0.02,4.29
1863,2007-03-30,000925SZ,10.55,10.76,10.87,10.4,14385,15316561.0,4.45,1.99,0.21,4.79
1864,2007-04-02,000925SZ,10.81,11.3,11.3,10.8,8372,9300825.0,4.65,5.02,0.54,2.79
1865,2007-04-03,000925SZ,11.87,11.22,11.87,11.18,15380,17863024.0,6.11,-0.71,-0.08,5.13
1866,2007-04-04,000925SZ,11.28,10.83,11.44,10.8,13286,14523387.0,5.7,-3.48,-0.39,4.43
1867,2007-04-05,000925SZ,10.8,10.94,10.98,10.65,8920,9693345.0,3.05,1.02,0.11,2.97
1868,2007-04-06,000925SZ,10.9,10.98,11.2,10.77,9084,9970164.0,3.93,0.37,0.04,3.03
1869,2007-04-09,000925SZ,11.53,11.32,11.53,11.0,19662,22325434.0,4.83,3.1,0.34,6.55
1870,2007-04-10,000925SZ,11.36,11.89,11.89,11.35,15908,18708804.0,4.77,5.04,0.57,5.3
1871,2007-04-11,000925SZ,12.48,12.48,12.48,12.48,2525,3151087.75,0.0,4.96,0.59,0.84
1872,2007-04-12,000925SZ,13.1,13.1,13.1,13.1,3609,4728379.5,0.0,4.97,0.62,1.2
1873,2007-04-13,000925SZ,13.76,13.76,13.76,13.2,14836,20319050.0,4.27,5.04,0.66,4.95
1874,2007-04-16,000925SZ,14.45,14.45,14.45,14.45,2089,3018821.75,0.0,5.01,0.69,0.7
1875,2007-04-17,000925SZ,15.17,15.17,15.17,15.17,6044,9168156.0,0.0,4.98,0.72,2.01
1876,2007-04-18,000925SZ,15.93,15.93,15.93,15.93,2575,4102389.25,0.0,5.01,0.76,0.86
1877,2007-04-19,000925SZ,16.73,16.73,16.73,16.73,1800,3011333.0,0.0,5.02,0.8,0.6
1878,2007-04-20,000925SZ,17.57,17.57,17.57,17.03,21337,37424628.0,3.23,5.02,0.84,7.11
1879,2008-04-11,000925SZ,18.45,18.45,18.45,18.45,1876,3462013.25,0.0,5.01,0.88,0.63
1880,2008-04-14,000925SZ,19.37,19.37,19.37,19.37,356,689804.44,0.0,4.99,0.92,0.12
1881,2008-04-15,000925SZ,20.34,20.34,20.34,20.34,270,549098.62,0.0,5.01,0.97,0.09
1882,2008-04-16,000925SZ,21.36,21.36,21.36,21.36,712,1519934.88,0.0,5.01,1.02,0.24
1883,2008-04-17,000925SZ,22.43,22.43,22.43,22.43,17863,40066440.0,0.0,5.01,1.07,5.95
1884,2009-04-30,000925SZ,18.0,16.59,20.9,16.16,152305,280087296.0,21.13,-26.04,-5.84,41.61
1885,2009-05-04,000925SZ,15.96,16.66,17.05,15.76,72647,118038648.0,7.78,0.42,0.07,19.85
1886,2009-05-05,000925SZ,16.41,17.08,17.45,16.35,41732,70286576.0,6.6,2.52,0.42,11.4
1887,2009-05-06,000925SZ,17.22,17.93,17.93,17.0,18619,33255478.0,5.44,4.98,0.85,5.09
1888,2009-05-07,000925SZ,18.8,18.83,18.83,18.51,36569,68766680.0,1.78,5.02,0.9,9.99
1889,2009-05-08,000925SZ,19.7,19.77,19.77,19.32,13928,27431312.0,2.39,4.99,0.94,3.81
1890,2009-05-12,000925SZ,20.76,20.76,20.76,19.77,58751,121562776.0,5.01,5.01,0.99,16.05
1891,2009-05-13,000925SZ,20.71,21.8,21.8,20.3,27566,58947784.0,7.23,5.01,1.04,7.53
1892,2009-05-14,000925SZ,22.6,22.89,22.89,22.21,23508,53652696.0,3.12,5.0,1.09,6.42
1893,2009-05-15,000925SZ,24.0,24.03,24.03,23.9,3328,7993349.0,0.57,4.98,1.14,0.91
1894,2009-05-18,000925SZ,25.23,25.23,25.23,25.23,2535,6396234.0,0.0,4.99,1.2,0.69
1895,2009-05-19,000925SZ,26.49,23.97,26.49,23.97,56234,138303280.0,9.99,-4.99,-1.26,15.36
1896,2009-05-20,000925SZ,23.16,23.88,24.59,23.16,27674,65829492.0,5.97,-0.38,-0.09,7.56
1897,2009-05-21,000925SZ,23.87,22.69,23.87,22.69,25624,58509280.0,4.94,-4.98,-1.19,7.0
1898,2009-05-22,000925SZ,22.5,23.82,23.82,21.62,32447,73216264.0,9.7,4.98,1.13,8.87
1899,2009-05-25,000925SZ,23.0,23.62,24.88,23.0,22428,53802880.0,7.89,-0.84,-0.2,6.13
1900,2009-05-26,000925SZ,23.5,23.03,23.91,22.85,14742,34318268.0,4.49,-2.5,-0.59,4.03
1901,2009-05-27,000925SZ,23.03,22.48,23.4,22.4,14641,33378228.0,4.34,-2.39,-0.55,4.0
1902,2009-06-01,000925SZ,22.2,23.6,23.6,22.2,17504,40570180.0,6.23,4.98,1.12,4.78
1903,2009-06-02,000925SZ,23.8,24.78,24.78,23.66,21058,51341328.0,4.75,5.0,1.18,5.75
1904,2009-06-03,000925SZ,25.21,25.52,26.02,25.03,26969,69445528.0,4.0,2.99,0.74,7.37
1905,2009-06-05,000925SZ,26.47,24.6,28.0,24.4,42055,110136264.0,14.11,-3.61,-0.92,11.49
1906,2009-06-08,000925SZ,23.88,25.5,25.9,23.4,25282,63006928.0,10.16,3.66,0.9,6.91
1907,2009-06-09,000925SZ,25.23,25.8,26.45,25.23,22074,57276488.0,4.78,1.18,0.3,6.03
1908,2009-06-11,000925SZ,26.55,23.89,26.79,23.25,37275,91996704.0,13.72,-7.4,-1.91,10.18
1909,2009-06-12,000925SZ,23.99,22.56,23.99,22.2,21557,49396388.0,7.49,-5.57,-1.33,5.89
1910,2009-06-15,000925SZ,22.4,21.48,22.47,21.3,21480,46707624.0,5.19,-4.79,-1.08,5.87
1911,2009-06-16,000925SZ,20.88,21.14,21.76,20.68,19480,41156564.0,5.03,-1.58,-0.34,5.32
1912,2009-06-17,000925SZ,21.04,22.84,23.2,20.42,22653,49496152.0,13.15,8.04,1.7,6.19
1913,2009-06-18,000925SZ,22.41,22.47,23.37,22.15,16565,37724964.0,5.34,-1.62,-0.37,4.53
1914,2009-06-19,000925SZ,22.48,22.46,22.94,22.03,9020,20248980.0,4.05,-0.04,-0.01,2.46
1915,2009-06-22,000925SZ,22.55,22.65,23.11,22.2,10854,24582672.0,4.05,0.85,0.19,2.97
1916,2009-06-23,000925SZ,22.49,23.98,24.17,22.22,15651,36821292.0,8.61,5.87,1.33,4.28
1917,2009-06-24,000925SZ,24.1,23.64,25.64,23.52,20296,49976192.0,8.84,-1.42,-0.34,5.55
1918,2009-06-25,000925SZ,23.4,24.12,24.12,22.62,13343,31317488.0,6.35,2.03,0.48,3.65
1919,2009-06-29,000925SZ,23.95,23.9,24.65,23.56,12803,30798334.0,4.52,-0.91,-0.22,3.5
1920,2009-06-30,000925SZ,23.65,24.3,24.37,23.2,12662,30062370.0,4.9,1.67,0.4,3.46
1921,2009-07-01,000925SZ,24.33,23.78,24.33,23.65,4957,11838127.0,2.8,-2.14,-0.52,1.35
1922,2009-07-02,000925SZ,23.78,23.32,24.06,23.25,10402,24495440.0,3.41,-1.93,-0.46,2.84
1923,2009-07-03,000925SZ,23.3,22.87,23.79,22.7,12247,28295604.0,4.67,-1.93,-0.45,3.35
1924,2009-07-06,000925SZ,23.0,23.38,23.9,22.4,15084,34917536.0,6.56,2.23,0.51,4.12
1925,2009-07-07,000925SZ,23.09,24.01,24.5,23.09,20149,48222760.0,6.03,2.69,0.63,5.51
1926,2009-07-08,000925SZ,23.88,24.36,24.9,23.83,14747,35876896.0,4.46,1.46,0.35,4.03
1927,2009-07-09,000925SZ,24.15,24.4,24.5,24.14,12806,31119896.0,1.48,0.16,0.04,3.5
1928,2009-07-10,000925SZ,24.55,24.8,25.13,24.44,15705,39024984.0,2.83,1.64,0.4,4.29
1929,2009-07-13,000925SZ,24.9,25.45,25.5,24.53,15102,38173300.0,3.91,2.62,0.65,4.13
1930,2009-07-14,000925SZ,25.56,25.14,25.69,24.6,29345,73039296.0,4.28,-1.22,-0.31,8.02
1931,2009-07-15,000925SZ,25.0,24.71,25.03,24.6,14396,35663680.0,1.71,-1.71,-0.43,3.93
1932,2009-07-16,000925SZ,24.96,27.18,27.18,24.89,42838,114340896.0,9.27,10.0,2.47,11.7
1933,2009-07-17,000925SZ,27.4,26.8,28.7,26.5,66254,183869600.0,8.09,-1.4,-0.38,18.1
1934,2009-07-20,000925SZ,26.2,26.23,26.75,26.18,26160,68830752.0,2.13,-2.13,-0.57,7.15
1935,2009-07-21,000925SZ,26.41,26.55,26.86,25.9,17577,46330492.0,3.66,1.22,0.32,4.8
1936,2009-07-22,000925SZ,26.8,26.3,26.8,26.16,11659,30750798.0,2.41,-0.94,-0.25,3.19
1937,2009-07-23,000925SZ,26.22,26.1,26.3,25.71,11915,30911732.0,2.24,-0.76,-0.2,3.26
1938,2009-07-24,000925SZ,26.01,26.51,27.5,25.81,14699,39205236.0,6.48,1.57,0.41,4.02
1939,2009-07-27,000925SZ,26.57,26.25,26.59,26.0,9263,24215948.0,2.23,-0.98,-0.26,2.53
1940,2009-07-28,000925SZ,26.18,25.6,26.18,25.28,18659,47707528.0,3.43,-2.48,-0.65,5.1
1941,2009-07-29,000925SZ,25.38,23.66,25.97,23.04,17641,43329580.0,11.45,-7.58,-1.94,4.82
1942,2009-07-30,000925SZ,23.51,23.76,24.04,22.8,12150,28546630.0,5.24,0.42,0.1,3.32
1943,2009-07-31,000925SZ,23.58,24.07,24.37,23.58,9681,23242734.0,3.32,1.3,0.31,2.64
1944,2009-08-03,000925SZ,24.99,26.48,26.48,24.92,13944,36615128.0,6.48,10.01,2.41,3.81
1945,2009-08-04,000925SZ,28.13,26.48,28.13,25.91,39329,106459072.0,8.38,0.0,0.0,10.75
1946,2009-08-05,000925SZ,26.02,27.3,27.69,26.0,28670,77244096.0,6.38,3.1,0.82,7.83
1947,2009-08-06,000925SZ,27.01,29.0,29.98,27.01,38698,109996816.0,10.88,6.23,1.7,10.57
1948,2009-08-07,000925SZ,29.1,29.28,31.2,29.1,40537,121735232.0,7.24,0.97,0.28,11.08
1949,2009-08-10,000925SZ,29.8,29.23,29.9,27.77,22719,65628612.0,7.27,-0.17,-0.05,6.21
1950,2009-08-11,000925SZ,29.25,29.09,29.59,28.01,15421,44224448.0,5.41,-0.48,-0.14,4.21
1951,2009-08-12,000925SZ,28.56,30.99,31.2,28.28,35372,107083144.0,10.04,6.53,1.9,9.66
1952,2009-08-13,000925SZ,30.9,31.0,32.0,30.01,24253,75003240.0,6.42,0.03,0.01,6.63
1953,2009-08-14,000925SZ,31.1,29.07,33.0,29.0,43664,137711280.0,12.9,-6.23,-1.93,11.93
1954,2009-08-17,000925SZ,30.98,29.78,31.5,29.0,84231,256923280.0,8.6,2.44,0.71,23.01
1955,2009-08-18,000925SZ,28.24,27.63,28.9,26.8,45516,124691752.0,7.05,-7.22,-2.15,12.44
1956,2009-08-19,000925SZ,27.16,28.93,30.3,27.16,42701,123602424.0,11.36,4.71,1.3,11.67
1957,2009-08-20,000925SZ,28.5,31.65,31.82,28.25,50709,155167920.0,12.34,9.4,2.72,13.85
1958,2009-08-21,000925SZ,31.1,33.69,34.2,31.01,78484,255067024.0,10.08,6.45,2.04,21.44
1959,2009-08-24,000925SZ,33.5,34.6,35.99,33.0,65800,226593376.0,8.88,2.7,0.91,17.98
1960,2009-08-25,000925SZ,34.01,35.01,35.88,33.89,53462,187392304.0,5.75,1.18,0.41,14.61
1961,2009-08-26,000925SZ,35.05,38.51,38.51,34.62,80278,301564448.0,11.11,10.0,3.5,21.93
1962,2009-08-27,000925SZ,38.6,37.1,39.39,36.5,61370,230677664.0,7.5,-3.66,-1.41,16.77
1963,2009-08-28,000925SZ,36.88,36.59,37.97,34.15,46930,170299456.0,10.3,-1.37,-0.51,12.82
1964,2009-08-31,000925SZ,35.6,34.6,36.74,34.1,34970,123267008.0,7.22,-5.44,-1.99,9.55
1965,2009-09-01,000925SZ,34.5,31.14,35.69,31.14,60552,196845024.0,13.15,-10.0,-3.46,16.54
1966,2009-09-03,000925SZ,32.56,34.25,34.25,32.04,51337,170957856.0,7.1,9.99,3.11,14.03
1967,2009-09-04,000925SZ,35.2,37.68,37.68,34.6,66952,241860784.0,8.99,10.01,3.43,18.29
1968,2009-09-07,000925SZ,37.5,37.25,38.49,36.98,52172,196666912.0,4.01,-1.14,-0.43,14.25
1969,2009-09-08,000925SZ,36.5,37.26,38.71,36.5,49211,184298384.0,5.93,0.03,0.01,13.45
1970,2009-09-09,000925SZ,37.4,40.99,40.99,36.58,107735,427003680.0,11.84,10.01,3.73,29.44
1971,2009-09-10,000925SZ,40.18,45.09,45.09,40.1,130716,570485056.0,12.17,10.0,4.1,35.71
1972,2009-09-11,000925SZ,23.5,23.24,24.5,21.03,337794,776241664.0,7.7,-48.46,-21.85,46.15
1973,2009-09-14,000925SZ,22.9,22.95,23.98,22.01,182712,424427072.0,8.48,-1.25,-0.29,24.96
1974,2009-09-15,000925SZ,22.5,23.12,23.6,22.15,154999,356582656.0,6.32,0.74,0.17,21.17
1975,2009-09-16,000925SZ,23.11,25.43,25.43,23.0,235526,580348224.0,10.51,9.99,2.31,32.18
1976,2009-09-17,000925SZ,25.78,25.25,26.0,24.7,221323,561915008.0,5.11,-0.71,-0.18,30.24
1977,2009-09-18,000925SZ,25.2,24.0,25.2,23.5,165871,402484800.0,6.73,-4.95,-1.25,22.66
1978,2009-09-21,000925SZ,23.51,23.74,23.75,22.3,84236,194189088.0,6.04,-1.08,-0.26,11.51
1979,2009-09-22,000925SZ,23.3,23.67,24.98,23.2,89173,215859712.0,7.5,-0.29,-0.07,12.18
1980,2009-09-23,000925SZ,23.5,22.06,24.1,22.0,82559,187363456.0,8.87,-6.8,-1.61,11.28
1981,2009-09-24,000925SZ,21.9,21.2,21.98,20.25,86726,184643168.0,7.84,-3.9,-0.86,11.85
1982,2009-09-25,000925SZ,21.16,22.43,23.28,21.16,102278,229955552.0,10.0,5.8,1.23,13.97
1983,2009-09-28,000925SZ,22.4,21.0,22.4,20.81,68677,147419696.0,7.09,-6.38,-1.43,9.38
1984,2009-09-29,000925SZ,20.8,19.35,20.9,19.18,62600,124015776.0,8.19,-7.86,-1.65,8.55
1985,2009-09-30,000925SZ,19.58,19.45,20.28,19.3,42658,84147152.0,5.06,0.52,0.1,5.83
1986,2009-10-09,000925SZ,20.0,20.72,20.97,19.48,58379,118757152.0,7.66,6.53,1.27,7.98
1987,2009-10-12,000925SZ,20.73,20.25,20.78,19.89,50806,103121024.0,4.3,-2.27,-0.47,6.94
1988,2009-10-13,000925SZ,20.11,21.18,21.56,20.05,66641,140644224.0,7.46,4.59,0.93,9.1
1989,2009-10-14,000925SZ,21.52,22.19,22.89,21.48,94694,211463232.0,6.66,4.77,1.01,12.94
1990,2009-10-15,000925SZ,22.4,22.4,22.43,21.7,61873,136132048.0,3.29,0.95,0.21,8.45
1991,2009-10-16,000925SZ,22.5,23.27,23.49,22.3,105469,243172784.0,5.31,3.88,0.87,14.41
1992,2009-10-19,000925SZ,23.29,23.55,23.6,22.7,83292,193018160.0,3.87,1.2,0.28,11.38
1993,2009-10-20,000925SZ,23.72,23.35,23.72,23.1,69752,162526832.0,2.63,-0.85,-0.2,9.53
1994,2009-10-21,000925SZ,23.15,23.15,23.6,22.8,70880,164758224.0,3.43,-0.86,-0.2,9.68
1995,2009-10-22,000925SZ,22.9,22.45,23.13,22.3,72652,164199552.0,3.59,-3.02,-0.7,9.93
1996,2009-10-23,000925SZ,22.35,22.56,23.1,22.3,63645,144252832.0,3.56,0.49,0.11,8.69
1997,2009-10-26,000925SZ,22.5,22.69,22.95,22.31,41371,93773720.0,2.84,0.58,0.13,5.65
1998,2009-10-27,000925SZ,22.56,21.46,22.56,21.45,62042,136158112.0,4.89,-5.42,-1.23,8.48
1999,2009-10-28,000925SZ,21.0,21.7,21.88,20.9,37497,80729064.0,4.57,1.12,0.24,5.12
2000,2009-10-29,000925SZ,21.3,20.53,21.3,20.51,44007,92010664.0,3.64,-5.39,-1.17,6.01
2001,2009-10-30,000925SZ,21.01,20.74,21.19,20.5,37933,78763104.0,3.36,1.02,0.21,5.18
2002,2009-11-02,000925SZ,20.19,21.0,21.07,19.8,49160,101208160.0,6.12,1.25,0.26,6.72
2003,2009-11-03,000925SZ,21.16,21.45,21.75,20.96,48322,103590944.0,3.76,2.14,0.45,6.6
2004,2009-11-04,000925SZ,21.45,21.26,21.59,21.11,39107,83097720.0,2.24,-0.89,-0.19,5.34
2005,2009-11-05,000925SZ,21.23,21.5,21.63,21.2,37854,80949544.0,2.02,1.13,0.24,5.17
2006,2009-11-06,000925SZ,21.66,22.03,22.09,21.36,70485,153491408.0,3.4,2.47,0.53,9.63
2007,2009-11-09,000925SZ,22.17,22.08,22.64,21.83,57890,128656112.0,3.68,0.23,0.05,7.91
2008,2009-11-10,000925SZ,22.31,21.68,22.4,21.67,47393,103539760.0,3.31,-1.81,-0.4,6.47
2009,2009-11-11,000925SZ,21.5,21.35,21.67,21.26,33069,70766200.0,1.89,-1.52,-0.33,4.52
2010,2009-11-12,000925SZ,21.49,22.07,22.45,21.3,70499,155527920.0,5.39,3.37,0.72,9.63
2011,2009-11-13,000925SZ,21.8,22.1,22.39,21.65,47664,104950800.0,3.35,0.14,0.03,6.51
2012,2009-11-16,000925SZ,22.58,22.43,22.59,22.12,73997,165420928.0,2.13,1.49,0.33,10.11
2013,2009-11-17,000925SZ,22.49,24.11,24.5,22.23,176464,415388096.0,10.12,7.49,1.68,24.11
2014,2009-11-18,000925SZ,23.9,24.43,24.76,23.46,141578,341260032.0,5.39,1.33,0.32,19.34
2015,2009-11-19,000925SZ,24.2,24.19,24.64,23.91,82756,200473376.0,2.99,-0.98,-0.24,11.31
2016,2009-11-20,000925SZ,24.21,24.23,24.55,23.72,79663,191943248.0,3.43,0.17,0.04,10.88
2017,2009-11-23,000925SZ,24.25,25.47,25.5,24.25,123557,308919488.0,5.16,5.12,1.24,16.88
2018,2009-11-24,000925SZ,25.72,25.46,27.3,24.8,193501,506280352.0,9.82,-0.04,-0.01,26.43
2019,2009-11-25,000925SZ,25.0,27.19,27.2,24.5,156356,407704416.0,10.6,6.79,1.73,21.36
2020,2009-11-26,000925SZ,27.22,25.95,27.49,25.7,131588,349109408.0,6.58,-4.56,-1.24,17.98
2021,2009-11-27,000925SZ,25.0,24.07,25.78,23.75,80017,199370672.0,7.82,-7.24,-1.88,10.93
2022,2009-11-30,000925SZ,24.35,24.61,24.79,24.2,60098,147494656.0,2.45,2.24,0.54,8.21
2023,2009-12-01,000925SZ,24.69,26.19,26.41,24.5,89202,230832656.0,7.76,6.42,1.58,12.19
2024,2009-12-02,000925SZ,26.5,26.28,27.18,25.72,100965,265965728.0,5.57,0.34,0.09,13.79
2025,2009-12-03,000925SZ,26.16,25.88,26.16,25.6,65836,169694864.0,2.13,-1.52,-0.4,8.99
2026,2009-12-04,000925SZ,25.8,25.22,26.5,24.58,69929,178259504.0,7.42,-2.55,-0.66,9.55
2027,2009-12-07,000925SZ,25.1,25.39,25.75,24.7,31966,80853456.0,4.16,0.67,0.17,4.37
2028,2009-12-08,000925SZ,25.49,24.81,25.54,24.7,38621,96384160.0,3.31,-2.28,-0.58,5.28
2029,2009-12-09,000925SZ,24.73,24.57,24.99,24.4,32024,79028216.0,2.38,-0.97,-0.24,4.37
2030,2009-12-10,000925SZ,24.5,24.58,24.99,24.5,23252,57332900.0,1.99,0.04,0.01,3.18
2031,2009-12-11,000925SZ,24.73,24.61,24.81,24.5,19771,48727440.0,1.26,0.12,0.03,2.7
2032,2009-12-14,000925SZ,24.78,24.02,24.84,23.6,33538,80662392.0,5.04,-2.4,-0.59,4.58
2033,2009-12-15,000925SZ,24.22,24.0,24.35,23.8,22081,53076656.0,2.29,-0.08,-0.02,3.02
2034,2009-12-16,000925SZ,24.02,24.2,24.67,23.88,23018,55936432.0,3.29,0.83,0.2,3.14
2035,2009-12-17,000925SZ,24.18,23.18,24.3,23.15,26837,63248136.0,4.75,-4.21,-1.02,3.67
2036,2009-12-18,000925SZ,23.06,21.6,23.06,21.3,30302,66422840.0,7.59,-6.82,-1.58,4.14
2037,2009-12-21,000925SZ,21.5,22.0,22.0,21.4,16610,36178344.0,2.78,1.85,0.4,2.27
2038,2009-12-22,000925SZ,22.0,20.65,22.2,20.0,20382,43402208.0,10.0,-6.14,-1.35,2.78
2039,2009-12-23,000925SZ,20.51,20.95,21.0,20.01,22294,46119516.0,4.79,1.45,0.3,3.05
2040,2009-12-24,000925SZ,21.2,21.79,21.92,20.72,24334,52224748.0,5.73,4.01,0.84,3.32
2041,2009-12-25,000925SZ,21.78,22.09,22.44,21.44,27711,60836980.0,4.59,1.38,0.3,3.79
2042,2009-12-28,000925SZ,22.0,22.33,22.69,22.0,19703,44177988.0,3.12,1.09,0.24,2.69
2043,2009-12-29,000925SZ,22.18,22.09,22.38,21.86,18516,40876212.0,2.33,-1.07,-0.24,2.53
2044,2009-12-30,000925SZ,22.1,22.0,22.32,21.7,24134,52960800.0,2.81,-0.41,-0.09,3.3
2045,2009-12-31,000925SZ,22.03,22.03,22.18,21.71,19160,42099348.0,2.14,0.14,0.03,2.62
2046,2010-01-04,000925SZ,22.03,22.19,22.35,21.8,21482,47606536.0,2.5,0.73,0.16,2.93
2047,2010-01-05,000925SZ,22.19,23.2,23.2,21.8,43832,98454960.0,6.31,4.55,1.01,5.99
2048,2010-01-06,000925SZ,23.0,23.26,23.77,22.8,52071,122090360.0,4.18,0.26,0.06,7.11
2049,2010-01-07,000925SZ,23.27,22.11,23.41,22.0,35034,79431624.0,6.06,-4.94,-1.15,4.79
2050,2010-01-08,000925SZ,22.05,22.0,22.12,21.39,20529,44785868.0,3.3,-0.5,-0.11,2.8
2051,2010-01-11,000925SZ,22.15,22.25,22.48,21.88,21832,48550404.0,2.73,1.14,0.25,2.98
2052,2010-01-12,000925SZ,22.13,22.62,22.7,21.81,24778,55260992.0,4.0,1.66,0.37,3.39
2053,2010-01-13,000925SZ,22.02,21.86,22.37,21.85,27722,61133172.0,2.3,-3.36,-0.76,3.79
2054,2010-01-14,000925SZ,21.86,22.33,22.6,21.83,25117,55820216.0,3.52,2.15,0.47,3.43
2055,2010-01-15,000925SZ,22.5,23.25,23.49,22.31,52362,120349224.0,5.28,4.12,0.92,7.15
2056,2010-01-18,000925SZ,23.3,23.7,23.7,23.05,48653,114113320.0,2.8,1.94,0.45,6.65
2057,2010-01-19,000925SZ,23.85,23.6,23.94,23.16,43660,102888576.0,3.29,-0.42,-0.1,5.96
2058,2010-01-20,000925SZ,23.6,22.5,23.62,22.45,34384,78857656.0,4.96,-4.66,-1.1,4.7
2059,2010-01-21,000925SZ,22.49,22.3,22.88,22.2,21761,48909552.0,3.02,-0.89,-0.2,2.97
2060,2010-01-22,000925SZ,22.2,21.2,22.2,20.89,28337,60763396.0,5.87,-4.93,-1.1,3.87
2061,2010-01-25,000925SZ,21.1,21.18,21.9,21.0,13636,29276348.0,4.25,-0.09,-0.02,1.86
2062,2010-01-26,000925SZ,21.38,20.25,21.38,20.0,17099,35497872.0,6.52,-4.39,-0.93,2.34
2063,2010-01-27,000925SZ,20.25,20.18,20.5,20.0,12891,26102772.0,2.47,-0.35,-0.07,1.76
2064,2010-01-28,000925SZ,20.03,20.35,20.47,20.03,9088,18444222.0,2.18,0.84,0.17,1.24
2065,2010-01-29,000925SZ,20.36,20.36,20.65,20.22,12605,25816818.0,2.11,0.05,0.01,1.72
2066,2010-02-01,000925SZ,20.4,19.66,20.47,19.61,15710,31305000.0,4.22,-3.44,-0.7,2.15
2067,2010-02-02,000925SZ,19.66,19.53,19.98,19.5,13379,26387172.0,2.44,-0.66,-0.13,1.83
2068,2010-02-03,000925SZ,19.57,19.69,19.81,18.93,19197,37041692.0,4.51,0.82,0.16,2.62
2069,2010-02-04,000925SZ,19.6,19.52,19.85,19.3,14808,28985316.0,2.79,-0.86,-0.17,2.02
2070,2010-02-05,000925SZ,19.29,18.4,19.29,18.15,23913,44987760.0,5.84,-5.74,-1.12,3.27
2071,2010-02-08,000925SZ,18.4,17.93,18.4,17.82,17448,31418452.0,3.15,-2.55,-0.47,2.38
2072,2010-02-09,000925SZ,17.9,18.3,18.53,17.8,10970,20056894.0,4.07,2.06,0.37,1.5
2073,2010-02-10,000925SZ,18.33,18.48,18.6,18.31,6177,11378138.0,1.58,0.98,0.18,0.84
2074,2010-02-11,000925SZ,18.49,18.56,18.78,18.4,8826,16422600.0,2.06,0.43,0.08,1.21
2075,2010-02-12,000925SZ,18.6,19.08,19.14,18.56,10313,19542944.0,3.13,2.8,0.52,1.41
2076,2010-02-22,000925SZ,19.0,19.05,19.27,18.81,8723,16645719.0,2.41,-0.16,-0.03,1.19
2077,2010-02-23,000925SZ,19.08,18.7,19.08,18.45,10950,20430642.0,3.31,-1.84,-0.35,1.5
2078,2010-02-24,000925SZ,18.7,19.18,19.18,18.4,12989,24647692.0,4.17,2.57,0.48,1.77
2079,2010-02-25,000925SZ,19.19,20.94,21.07,19.19,50281,102384904.0,9.8,9.18,1.76,6.87
2080,2010-02-26,000925SZ,20.92,20.45,20.92,20.4,25176,51842996.0,2.48,-2.34,-0.49,3.44
2081,2010-03-01,000925SZ,20.44,20.64,20.92,20.16,18467,38131756.0,3.72,0.93,0.19,2.52
2082,2010-03-02,000925SZ,20.64,21.15,21.15,20.45,23771,49388332.0,3.39,2.47,0.51,3.25
2083,2010-03-03,000925SZ,21.0,21.44,21.98,21.0,38267,82709192.0,4.63,1.37,0.29,5.23
2084,2010-03-04,000925SZ,21.5,20.12,21.64,20.01,31634,65533396.0,7.6,-6.16,-1.32,4.32
2085,2010-03-05,000925SZ,20.05,20.54,20.97,20.05,19155,39350748.0,4.57,2.09,0.42,2.62
2086,2010-03-08,000925SZ,20.55,20.42,20.87,20.28,12321,25266890.0,2.87,-0.58,-0.12,1.68
2087,2010-03-09,000925SZ,20.68,20.23,20.68,20.06,11846,23955516.0,3.04,-0.93,-0.19,1.62
2088,2010-03-10,000925SZ,20.08,19.98,20.38,19.67,13823,27634104.0,3.51,-1.24,-0.25,1.89
2089,2010-03-11,000925SZ,19.98,20.09,20.15,19.67,9610,19125452.0,2.4,0.55,0.11,1.31
2090,2010-03-12,000925SZ,20.0,19.69,20.09,19.68,8583,17018548.0,2.04,-1.99,-0.4,1.17
2091,2010-03-15,000925SZ,19.7,19.06,19.7,18.9,13062,24977804.0,4.06,-3.2,-0.63,1.78
2092,2010-03-16,000925SZ,19.0,19.06,19.25,18.95,6565,12522480.0,1.57,0.0,0.0,0.9
2093,2010-03-17,000925SZ,19.33,19.62,19.62,19.08,12522,24363720.0,2.83,2.94,0.56,1.71
2094,2010-03-18,000925SZ,19.74,19.94,20.56,19.7,16865,33838960.0,4.38,1.63,0.32,2.3
2095,2010-03-19,000925SZ,19.8,20.0,20.06,19.5,11602,23053298.0,2.81,0.3,0.06,1.58
2096,2010-03-22,000925SZ,20.1,20.27,20.48,20.0,16522,33516752.0,2.4,1.35,0.27,2.26
2097,2010-03-23,000925SZ,20.47,20.26,20.48,20.11,15414,31253532.0,1.83,-0.05,-0.01,2.11
2098,2010-03-24,000925SZ,20.45,20.31,20.45,20.22,14788,30041116.0,1.14,0.25,0.05,2.02
2099,2010-03-25,000925SZ,20.39,19.64,20.39,19.48,18803,37278628.0,4.48,-3.3,-0.67,2.57
2100,2010-03-26,000925SZ,19.6,19.86,20.08,19.5,15330,30232542.0,2.95,1.12,0.22,2.09
2101,2010-03-29,000925SZ,19.86,19.97,20.09,19.86,13894,27743102.0,1.16,0.55,0.11,1.9
2102,2010-03-30,000925SZ,20.0,20.48,20.58,19.7,29344,59141540.0,4.41,2.55,0.51,4.01
2103,2010-03-31,000925SZ,20.48,21.2,21.35,20.21,48621,101327208.0,5.57,3.52,0.72,6.64
2104,2010-04-01,000925SZ,21.15,21.47,21.7,20.88,54701,116924856.0,3.87,1.27,0.27,7.47
2105,2010-04-06,000925SZ,21.51,22.05,22.38,21.42,48782,106558992.0,4.47,2.7,0.58,6.66
2106,2010-04-07,000925SZ,22.15,22.24,22.24,21.51,52632,115793792.0,3.31,0.86,0.19,7.19
2107,2010-04-08,000925SZ,22.46,22.99,23.23,22.06,96628,219997872.0,5.26,3.37,0.75,13.2
2108,2010-04-09,000925SZ,22.98,23.19,23.71,22.63,84333,196682720.0,4.7,0.87,0.2,11.52
2109,2010-04-12,000925SZ,23.4,22.85,23.58,22.67,59365,136251264.0,3.92,-1.47,-0.34,8.11
2110,2010-04-13,000925SZ,22.7,23.18,23.28,21.02,69518,155152720.0,9.89,1.44,0.33,9.5
2111,2010-04-14,000925SZ,22.98,23.3,23.49,22.68,60325,140249472.0,3.49,0.52,0.12,8.24
2112,2010-04-15,000925SZ,23.38,23.35,23.53,22.6,60731,140763408.0,3.99,0.21,0.05,8.3
2113,2010-04-16,000925SZ,23.37,23.66,23.82,22.86,69507,163234464.0,4.11,1.33,0.31,9.5
2114,2010-04-19,000925SZ,23.23,24.02,24.82,23.22,119139,288320448.0,6.76,1.52,0.36,16.28
2115,2010-04-20,000925SZ,24.0,23.69,24.2,22.31,65436,152981040.0,7.87,-1.37,-0.33,8.94
2116,2010-04-21,000925SZ,23.66,24.39,24.64,23.3,81392,196888704.0,5.66,2.95,0.7,11.12
2117,2010-04-22,000925SZ,24.5,25.4,25.49,24.01,105799,260761200.0,6.07,4.14,1.01,14.45
2118,2010-04-23,000925SZ,24.8,24.36,24.99,24.0,85282,209788144.0,3.9,-4.09,-1.04,11.65
2119,2010-04-26,000925SZ,23.8,22.47,23.82,21.92,81307,184362336.0,7.8,-7.76,-1.89,11.11
2120,2010-04-27,000925SZ,22.7,21.37,22.7,20.25,51410,111537312.0,10.9,-4.9,-1.1,7.02
2121,2010-04-28,000925SZ,21.0,21.38,21.79,20.4,37393,79178320.0,6.5,0.05,0.01,5.11
2122,2010-04-29,000925SZ,21.7,21.17,21.79,20.88,40081,85334896.0,4.26,-0.98,-0.21,5.48
2123,2010-04-30,000925SZ,21.06,20.2,21.23,20.03,23340,47759312.0,5.67,-4.58,-0.97,3.19
2124,2010-05-04,000925SZ,19.99,20.43,20.86,19.32,26180,53029648.0,7.62,1.14,0.23,3.58
2125,2010-05-05,000925SZ,20.35,20.78,20.79,19.66,42510,86087184.0,5.53,1.71,0.35,4.12
2126,2010-05-06,000925SZ,20.75,18.97,20.75,18.93,46989,93589176.0,8.76,-8.71,-1.81,4.56
2127,2010-05-07,000925SZ,18.13,18.13,18.86,17.9,30474,56014124.0,5.06,-4.43,-0.84,2.96
2128,2010-05-10,000925SZ,18.13,16.8,18.6,16.8,47071,81627136.0,9.93,-7.34,-1.33,4.57
2129,2010-05-11,000925SZ,17.1,16.96,17.55,16.86,53728,92192792.0,4.11,0.95,0.16,5.21
2130,2010-05-12,000925SZ,16.85,17.16,17.31,16.81,40268,68851432.0,2.95,1.18,0.2,3.91
2131,2010-05-13,000925SZ,17.3,17.48,17.62,17.01,35860,62038584.0,3.55,1.86,0.32,3.48
2132,2010-05-14,000925SZ,17.48,17.31,17.59,17.2,36057,62844904.0,2.23,-0.97,-0.17,3.5
2133,2010-05-17,000925SZ,17.3,15.58,17.3,15.58,36667,59971608.0,9.94,-9.99,-1.73,3.56
2134,2010-05-18,000925SZ,15.3,16.05,16.44,14.61,39644,61796908.0,11.75,3.02,0.47,3.85
2135,2010-05-19,000925SZ,16.07,16.48,16.82,16.07,36930,61150880.0,4.67,2.68,0.43,3.58
2136,2010-05-20,000925SZ,16.39,15.83,16.48,15.76,22218,35756840.0,4.37,-3.94,-0.65,2.15
2137,2010-05-21,000925SZ,15.31,16.14,16.29,15.1,19473,30711278.0,7.52,1.96,0.31,1.89
2138,2010-05-24,000925SZ,16.22,17.13,17.31,16.22,34749,59164772.0,6.75,6.13,0.99,3.37
2139,2010-05-25,000925SZ,17.1,17.26,17.54,17.01,36093,62291052.0,3.09,0.76,0.13,3.5
2140,2010-05-26,000925SZ,17.2,17.31,17.41,17.05,21721,37542600.0,2.09,0.29,0.05,2.11
2141,2010-05-27,000925SZ,17.2,18.67,18.99,17.18,63237,116328392.0,10.46,7.86,1.36,6.13
2142,2010-05-28,000925SZ,18.8,18.8,18.93,18.38,38162,71430184.0,2.95,0.7,0.13,3.7
2143,2010-05-31,000925SZ,18.61,18.82,19.38,18.6,43093,82327720.0,4.15,0.11,0.02,4.18
2144,2010-06-01,000925SZ,18.68,18.95,18.96,18.02,34442,63792384.0,4.99,0.69,0.13,3.34
2145,2010-06-02,000925SZ,18.9,18.95,19.3,18.6,32453,61541384.0,3.69,0.0,0.0,3.15
2146,2010-06-03,000925SZ,19.02,19.15,19.68,19.0,38379,74421736.0,3.59,1.06,0.2,3.72
2147,2010-06-04,000925SZ,19.01,19.33,19.34,18.91,26299,50390756.0,2.25,0.94,0.18,2.55
2148,2010-06-07,000925SZ,19.1,19.91,19.98,18.9,48098,94554280.0,5.59,3.0,0.58,4.67
2149,2010-06-08,000925SZ,19.8,19.93,20.18,19.6,29401,58436976.0,2.91,0.1,0.02,2.85
2150,2010-06-09,000925SZ,19.93,20.9,21.13,19.93,46479,95302184.0,6.02,4.87,0.97,4.51
2151,2010-06-10,000925SZ,20.55,21.11,21.38,20.55,40467,85610984.0,3.97,1.0,0.21,3.93
2152,2010-06-11,000925SZ,21.11,20.45,21.35,20.32,45937,94704192.0,4.88,-3.13,-0.66,4.46
2153,2010-06-17,000925SZ,20.46,20.21,20.76,20.2,24404,50125612.0,2.74,-1.17,-0.24,2.37
2154,2010-06-18,000925SZ,20.25,18.69,20.3,18.6,43182,83086456.0,8.41,-7.52,-1.52,4.19
2155,2010-06-22,000925SZ,19.38,19.39,19.67,19.08,21302,41343412.0,3.16,3.75,0.7,2.07
2156,2010-06-23,000925SZ,19.35,19.36,19.66,19.18,13496,26165846.0,2.48,-0.15,-0.03,1.31
2157,2010-06-24,000925SZ,19.4,19.06,19.5,18.9,13567,26071734.0,3.1,-1.55,-0.3,1.32
2158,2010-06-25,000925SZ,19.1,18.53,19.2,18.4,18299,34029944.0,4.2,-2.78,-0.53,1.77
2159,2010-06-28,000925SZ,18.57,18.68,18.81,18.21,13631,25384126.0,3.24,0.81,0.15,1.32
2160,2010-06-29,000925SZ,18.66,17.99,18.9,17.93,20592,37995188.0,5.19,-3.69,-0.69,2.0
2161,2010-06-30,000925SZ,17.82,18.0,18.2,17.31,16075,28527866.0,4.95,0.06,0.01,1.56
2162,2010-07-01,000925SZ,18.01,18.62,18.75,18.0,19319,35515388.0,4.17,3.44,0.62,1.87
2163,2010-07-02,000925SZ,18.82,18.7,18.82,17.9,18063,33186316.0,4.94,0.43,0.08,1.75
2164,2010-07-05,000925SZ,18.5,19.1,19.15,18.18,20393,38476116.0,5.19,2.14,0.4,1.98
2165,2010-07-06,000925SZ,19.08,19.22,19.5,18.93,21748,41882916.0,2.98,0.63,0.12,2.11
2166,2010-07-07,000925SZ,19.18,19.23,19.38,19.03,9869,18936712.0,1.82,0.05,0.01,0.96
2167,2010-07-08,000925SZ,19.2,18.6,19.37,18.58,13736,25900072.0,4.11,-3.28,-0.63,1.33
2168,2010-07-09,000925SZ,18.68,19.28,19.34,18.5,16930,32264718.0,4.52,3.66,0.68,1.64
2169,2010-07-12,000925SZ,19.3,19.6,19.7,19.08,23377,45216132.0,3.22,1.66,0.32,2.27
2170,2010-07-13,000925SZ,19.45,19.44,19.59,19.2,14564,28206666.0,1.99,-0.82,-0.16,1.41
2171,2010-07-14,000925SZ,19.44,20.26,20.37,19.44,34480,69099488.0,4.78,4.22,0.82,3.34
2172,2010-07-15,000925SZ,20.2,20.13,20.7,20.09,38259,78138432.0,3.01,-0.64,-0.13,3.71
2173,2010-07-16,000925SZ,20.1,20.1,20.3,19.66,18140,36161276.0,3.18,-0.15,-0.03,1.76
2174,2010-07-19,000925SZ,19.9,20.6,20.65,19.71,25699,52342436.0,4.68,2.49,0.5,2.49
2175,2010-07-20,000925SZ,20.6,20.74,21.16,20.51,36749,76506176.0,3.16,0.68,0.14,3.56
2176,2010-07-21,000925SZ,20.81,20.63,20.81,20.21,36105,73844144.0,2.89,-0.53,-0.11,3.5
2177,2010-07-22,000925SZ,20.63,21.0,21.08,20.5,28399,59219480.0,2.81,1.79,0.37,2.75
2178,2010-07-23,000925SZ,21.0,20.91,21.07,20.65,23755,49585420.0,2.0,-0.43,-0.09,2.3
2179,2010-07-26,000925SZ,20.86,20.98,20.99,20.7,20965,43702720.0,1.39,0.33,0.07,2.03
2180,2010-07-27,000925SZ,20.9,20.35,20.9,20.3,21717,44635184.0,2.86,-3.0,-0.63,2.11
2181,2010-07-28,000925SZ,20.25,20.62,20.75,20.05,23157,47518288.0,3.44,1.33,0.27,2.25
2182,2010-07-29,000925SZ,20.6,21.2,21.21,20.53,35734,75211368.0,3.3,2.81,0.58,3.47
2183,2010-07-30,000925SZ,21.2,21.35,21.48,21.09,28248,60116936.0,1.84,0.71,0.15,2.74
2184,2010-08-02,000925SZ,21.35,21.28,21.48,21.0,22127,46989492.0,2.25,-0.33,-0.07,2.15
2185,2010-08-03,000925SZ,21.3,21.13,21.69,21.0,32693,69696560.0,3.24,-0.7,-0.15,3.17
2186,2010-08-04,000925SZ,21.11,21.41,21.46,20.71,24966,52592472.0,3.55,1.33,0.28,2.42
2187,2010-08-05,000925SZ,21.4,21.21,21.65,21.09,26202,56020236.0,2.62,-0.93,-0.2,2.54
2188,2010-08-06,000925SZ,21.19,21.63,21.64,21.0,30524,65326128.0,3.02,1.98,0.42,2.96
2189,2010-08-09,000925SZ,21.67,22.31,22.67,21.67,35128,78327048.0,4.62,3.14,0.68,3.41
2190,2010-08-10,000925SZ,22.29,21.16,22.52,21.11,30372,66237532.0,6.32,-5.15,-1.15,2.95
2191,2010-08-11,000925SZ,21.01,21.17,21.5,21.01,14412,30583926.0,2.32,0.05,0.01,1.4
2192,2010-08-12,000925SZ,21.06,20.5,21.24,20.49,27179,56774236.0,3.54,-3.16,-0.67,2.64
2193,2010-08-13,000925SZ,20.42,20.94,20.98,20.4,14756,30535344.0,2.83,2.15,0.44,1.43
2194,2010-08-16,000925SZ,20.94,21.34,21.52,20.7,18489,39208976.0,3.92,1.91,0.4,1.79
2195,2010-08-17,000925SZ,21.51,21.1,21.55,20.98,17586,37216084.0,2.67,-1.12,-0.24,1.71
2196,2010-08-18,000925SZ,21.22,21.69,21.85,20.98,31459,67381968.0,4.12,2.8,0.59,3.05
2197,2010-08-19,000925SZ,21.6,21.58,22.0,21.33,20071,43468324.0,3.09,-0.51,-0.11,1.95
2198,2010-08-20,000925SZ,21.4,21.01,21.74,20.98,17853,37911364.0,3.52,-2.64,-0.57,1.73
2199,2010-08-23,000925SZ,21.02,21.12,21.29,20.86,12669,26664750.0,2.05,0.52,0.11,1.23
2200,2010-08-24,000925SZ,20.9,20.96,21.2,20.9,12677,26669744.0,1.42,-0.76,-0.16,1.23
2201,2010-08-25,000925SZ,20.75,19.89,20.91,19.5,29460,59412776.0,6.73,-5.1,-1.07,2.86
2202,2010-08-26,000925SZ,19.9,19.72,20.17,19.51,13920,27590012.0,3.32,-0.85,-0.17,1.35
2203,2010-08-27,000925SZ,19.55,19.78,19.9,19.55,6784,13376997.0,1.77,0.3,0.06,0.66
2204,2010-08-30,000925SZ,19.75,20.66,20.69,19.75,17123,35109580.0,4.75,4.45,0.88,1.66
2205,2010-08-31,000925SZ,20.67,21.05,21.2,20.45,22419,46997152.0,3.63,1.89,0.39,2.17
2206,2010-09-01,000925SZ,21.06,20.72,21.37,20.35,19454,40913456.0,4.85,-1.57,-0.33,1.89
2207,2010-09-02,000925SZ,21.1,21.69,21.84,21.1,36293,78151696.0,3.57,4.68,0.97,3.52
2208,2010-09-03,000925SZ,21.82,21.4,21.93,21.3,15345,33138162.0,2.9,-1.34,-0.29,1.49
2209,2010-09-06,000925SZ,21.62,21.35,21.68,20.91,19097,40439828.0,3.6,-0.23,-0.05,1.85
2210,2010-09-07,000925SZ,21.34,21.06,21.38,20.7,12680,26595212.0,3.19,-1.36,-0.29,1.23
2211,2010-09-08,000925SZ,21.0,21.23,21.35,20.95,15176,32163806.0,1.9,0.81,0.17,1.47
2212,2010-09-09,000925SZ,21.39,20.89,21.53,20.85,24866,52721252.0,3.2,-1.6,-0.34,2.41
2213,2010-09-10,000925SZ,20.85,20.75,21.0,20.35,13398,27677448.0,3.11,-0.67,-0.14,1.3
2214,2010-09-13,000925SZ,20.75,21.39,21.53,20.6,23079,49065020.0,4.48,3.08,0.64,2.24
2215,2010-09-14,000925SZ,21.5,21.73,22.0,21.22,27207,59242452.0,3.65,1.59,0.34,2.64
2216,2010-09-15,000925SZ,21.75,21.79,21.98,21.46,30991,67447640.0,2.39,0.28,0.06,3.01
2217,2010-09-16,000925SZ,21.84,21.6,21.92,20.93,24625,52717064.0,4.54,-0.87,-0.19,2.39
2218,2010-09-17,000925SZ,21.66,22.36,22.4,21.33,46471,102679616.0,4.95,3.52,0.76,4.51
2219,2010-09-20,000925SZ,23.0,22.05,23.49,21.97,50842,115115528.0,6.8,-1.39,-0.31,4.93
2220,2010-09-21,000925SZ,21.58,21.63,21.94,21.49,17094,37056624.0,2.04,-1.9,-0.42,1.66
2221,2010-09-27,000925SZ,21.66,22.25,22.33,21.62,19670,43546476.0,3.28,2.87,0.62,1.91
2222,2010-09-28,000925SZ,22.22,22.56,22.6,22.08,26330,58896144.0,2.34,1.39,0.31,2.55
2223,2010-09-29,000925SZ,22.56,22.39,22.84,22.26,21445,48438160.0,2.57,-0.75,-0.17,2.08
2224,2010-09-30,000925SZ,22.23,22.53,22.9,22.19,22536,50830252.0,3.17,0.63,0.14,2.19
2225,2010-10-08,000925SZ,22.8,23.22,23.23,22.6,38214,87847896.0,2.8,3.06,0.69,3.71
2226,2010-10-11,000925SZ,23.29,23.37,23.97,23.12,51566,121763040.0,3.66,0.65,0.15,5.0
2227,2010-10-12,000925SZ,23.38,23.12,23.38,22.73,31247,72076224.0,2.78,-1.07,-0.25,3.03
2228,2010-10-13,000925SZ,23.12,23.77,23.88,23.0,30479,71851960.0,3.81,2.81,0.65,2.96
2229,2010-10-14,000925SZ,23.7,22.09,23.7,22.09,46551,105468064.0,6.77,-7.07,-1.68,4.52
2230,2010-10-15,000925SZ,21.9,21.5,22.25,21.5,32572,70852608.0,3.4,-2.67,-0.59,3.16
2231,2010-10-18,000925SZ,21.4,21.3,21.75,20.46,22676,47546636.0,6.0,-0.93,-0.2,2.2
2232,2010-10-19,000925SZ,21.3,21.85,22.11,21.3,13904,30314190.0,3.8,2.58,0.55,1.35
2233,2010-10-20,000925SZ,21.57,21.51,22.23,21.4,22513,49031752.0,3.8,-1.56,-0.34,2.18
2234,2010-10-21,000925SZ,21.51,21.34,21.85,20.95,24721,52782248.0,4.18,-0.79,-0.17,2.4
2235,2010-10-22,000925SZ,21.27,21.27,21.51,20.87,19237,40925452.0,3.0,-0.33,-0.07,1.87
2236,2010-10-25,000925SZ,21.11,22.03,22.2,21.11,28188,61374012.0,5.12,3.57,0.76,2.73
2237,2010-10-26,000925SZ,22.06,21.9,22.39,21.75,17601,38589028.0,2.91,-0.59,-0.13,1.71
2238,2010-10-27,000925SZ,21.9,21.51,22.15,21.35,17373,37628620.0,3.65,-1.78,-0.39,1.69
2239,2010-10-28,000925SZ,21.6,21.47,21.76,21.35,13016,27975054.0,1.91,-0.19,-0.04,1.26
2240,2010-10-29,000925SZ,21.66,21.18,21.66,21.01,17878,37902304.0,3.03,-1.35,-0.29,1.73
2241,2010-11-01,000925SZ,21.19,22.87,23.24,21.18,49606,110718320.0,9.73,7.98,1.69,4.81
2242,2010-11-02,000925SZ,22.88,22.69,23.2,22.47,34401,78665864.0,3.19,-0.79,-0.18,3.34
2243,2010-11-03,000925SZ,22.62,22.16,22.98,22.16,19369,43481692.0,3.61,-2.34,-0.53,1.88
2244,2010-11-04,000925SZ,22.19,22.36,22.4,22.0,20522,45546088.0,1.81,0.9,0.2,1.99
2245,2010-11-05,000925SZ,22.38,22.15,22.68,22.03,24988,55487336.0,2.91,-0.94,-0.21,2.42
2246,2010-11-08,000925SZ,22.3,22.62,22.72,22.01,30364,68295712.0,3.21,2.12,0.47,2.95
2247,2010-11-09,000925SZ,22.6,22.9,23.1,22.49,36549,83703264.0,2.7,1.24,0.28,3.55
2248,2010-11-10,000925SZ,22.86,23.34,23.49,22.72,48852,112953456.0,3.36,1.92,0.44,4.74
2249,2010-11-11,000925SZ,23.05,22.67,23.49,22.35,38845,89821808.0,4.88,-2.87,-0.67,3.77
2250,2010-11-12,000925SZ,22.5,21.18,22.68,21.16,29533,64727060.0,6.7,-6.57,-1.49,2.86
2251,2010-11-15,000925SZ,21.5,22.0,22.24,21.35,19233,41862260.0,4.2,3.87,0.82,1.87
2252,2010-11-16,000925SZ,22.0,22.54,23.23,21.79,48942,111457592.0,6.55,2.45,0.54,4.75
2253,2010-11-17,000925SZ,22.54,21.59,23.16,21.39,30262,68279184.0,7.85,-4.21,-0.95,2.94
2254,2010-11-18,000925SZ,21.6,21.7,22.22,21.42,14493,31433216.0,3.71,0.51,0.11,1.41
2255,2010-11-19,000925SZ,21.92,22.91,22.91,21.82,32831,74000992.0,5.02,5.58,1.21,3.18
2256,2010-11-22,000925SZ,22.8,23.86,24.22,22.51,73835,175383520.0,7.46,4.15,0.95,7.16
2257,2010-11-23,000925SZ,23.75,23.77,24.1,23.0,44243,103878176.0,4.61,-0.38,-0.09,4.29
2258,2010-11-24,000925SZ,23.48,24.25,24.42,23.39,43170,104212208.0,4.33,2.02,0.48,4.19
2259,2010-11-25,000925SZ,24.22,24.14,25.0,24.0,47912,117301920.0,4.12,-0.45,-0.11,4.65
2260,2010-11-26,000925SZ,24.15,23.52,24.18,23.32,34596,81776104.0,3.56,-2.57,-0.62,3.36
2261,2010-11-29,000925SZ,23.3,24.28,24.3,23.05,34225,80989712.0,5.31,3.23,0.76,3.32
2262,2010-11-30,000925SZ,24.6,24.45,24.95,23.11,46439,112221752.0,7.58,0.7,0.17,4.5
2263,2010-12-01,000925SZ,24.46,24.79,24.99,23.8,42976,105922744.0,4.87,1.39,0.34,4.17
2264,2010-12-03,000925SZ,24.85,24.36,25.39,24.12,38162,94669360.0,5.12,-1.73,-0.43,3.7
2265,2010-12-06,000925SZ,24.2,23.33,24.3,23.25,27551,64942284.0,4.31,-4.23,-1.03,2.67
2266,2010-12-07,000925SZ,23.35,23.46,23.67,22.65,24403,56274944.0,4.37,0.56,0.13,2.37
2267,2010-12-08,000925SZ,23.66,23.7,24.52,23.46,23151,55653648.0,4.52,1.02,0.24,2.25
2268,2010-12-09,000925SZ,23.28,23.8,24.48,22.86,33162,79971328.0,6.84,0.42,0.1,3.22
2269,2010-12-10,000925SZ,23.55,24.45,24.54,23.43,29225,71105192.0,4.66,2.73,0.65,2.83
2270,2010-12-13,000925SZ,24.93,25.37,25.68,24.6,61878,156890768.0,4.42,3.76,0.92,6.0
2271,2010-12-14,000925SZ,25.48,25.45,25.57,25.02,31779,80330760.0,2.17,0.32,0.08,3.08
2272,2010-12-15,000925SZ,25.4,25.27,25.8,25.27,32025,81835912.0,2.08,-0.71,-0.18,3.11
2273,2010-12-16,000925SZ,25.6,25.18,26.3,25.05,31068,79691384.0,4.95,-0.36,-0.09,3.01
2274,2010-12-17,000925SZ,25.1,25.19,25.25,24.72,18938,47404040.0,2.1,0.04,0.01,1.84
2275,2010-12-20,000925SZ,25.19,24.96,25.47,24.35,27260,68019384.0,4.45,-0.91,-0.23,2.64
2276,2010-12-21,000925SZ,24.9,25.48,25.49,24.63,19945,50287208.0,3.45,2.08,0.52,1.93
2277,2010-12-22,000925SZ,25.4,25.9,26.27,25.4,41974,109160304.0,3.41,1.65,0.42,4.07
2278,2010-12-23,000925SZ,25.9,25.0,26.1,25.0,24369,61989876.0,4.25,-3.47,-0.9,2.36
2279,2010-12-24,000925SZ,24.7,24.44,25.7,24.36,17345,43132884.0,5.36,-2.24,-0.56,1.68
2280,2010-12-27,000925SZ,24.65,23.4,25.04,23.2,21671,52344388.0,7.53,-4.26,-1.04,2.1
2281,2010-12-28,000925SZ,23.4,23.43,23.63,22.63,14405,33387436.0,4.27,0.13,0.03,1.4
2282,2010-12-29,000925SZ,23.5,24.2,24.2,23.2,24878,59441280.0,4.27,3.29,0.77,2.41
2283,2010-12-30,000925SZ,24.01,23.3,24.28,23.01,16726,39715852.0,5.25,-3.72,-0.9,1.62
2284,2010-12-31,000925SZ,23.3,24.37,24.41,23.3,18342,44228424.0,4.76,4.59,1.07,1.78
2285,2011-01-04,000925SZ,24.69,25.2,25.36,24.4,27743,69279672.0,3.94,3.41,0.83,2.69
2286,2011-01-05,000925SZ,25.03,25.58,25.88,24.87,24512,62288684.0,4.01,1.51,0.38,2.38
2287,2011-01-06,000925SZ,25.58,24.97,25.6,24.88,22533,56798300.0,2.81,-2.38,-0.61,2.19
2288,2011-01-07,000925SZ,24.89,25.07,25.33,24.71,10589,26563264.0,2.48,0.4,0.1,1.03
2289,2011-01-10,000925SZ,24.8,24.32,25.38,24.28,11870,29337002.0,4.39,-2.99,-0.75,1.15
2290,2011-01-11,000925SZ,24.21,24.17,24.5,23.65,7727,18545718.0,3.5,-0.62,-0.15,0.75
2291,2011-01-12,000925SZ,24.18,24.35,24.65,23.66,6437,15527850.0,4.1,0.74,0.18,0.62
2292,2011-01-13,000925SZ,24.35,24.02,24.35,23.9,5999,14452978.0,1.85,-1.36,-0.33,0.58
2293,2011-01-14,000925SZ,24.01,23.73,24.02,23.48,10963,25923974.0,2.25,-1.21,-0.29,1.06
2294,2011-01-17,000925SZ,23.73,22.31,23.73,22.3,18340,41879916.0,6.03,-5.98,-1.42,1.78
2295,2011-01-18,000925SZ,21.99,22.2,22.89,21.99,7733,17411850.0,4.03,-0.49,-0.11,0.75
2296,2011-01-19,000925SZ,22.19,23.55,23.65,22.19,21358,49580700.0,6.58,6.08,1.35,2.07
2297,2011-01-20,000925SZ,23.26,23.04,23.69,23.02,9102,21227570.0,2.85,-2.17,-0.51,0.88
2298,2011-01-21,000925SZ,23.11,23.32,23.99,23.1,10614,25059600.0,3.86,1.22,0.28,1.03
2299,2011-01-24,000925SZ,23.13,23.1,23.54,22.8,7980,18573528.0,3.17,-0.94,-0.22,0.77
2300,2011-01-25,000925SZ,22.8,23.0,23.29,22.51,8165,18613108.0,3.38,-0.43,-0.1,0.79
2301,2011-01-26,000925SZ,23.0,23.23,23.62,22.65,9604,22059672.0,4.22,1.0,0.23,0.93
2302,2011-01-27,000925SZ,22.9,23.13,23.49,22.9,16729,38751800.0,2.54,-0.43,-0.1,1.62
2303,2011-01-28,000925SZ,23.48,23.2,23.48,22.9,6990,16141259.0,2.51,0.3,0.07,0.68
2304,2011-01-31,000925SZ,23.39,24.2,24.49,23.18,13065,31275654.0,5.65,4.31,1.0,1.27
2305,2011-02-01,000925SZ,24.03,24.18,24.52,24.0,6031,14603847.0,2.15,-0.08,-0.02,0.58
2306,2011-02-09,000925SZ,23.92,24.0,24.48,23.92,10339,25039278.0,2.32,-0.74,-0.18,1.0
2307,2011-02-10,000925SZ,23.8,24.38,24.49,23.8,8499,20592192.0,2.88,1.58,0.38,0.82
2308,2011-02-11,000925SZ,24.52,25.65,26.2,24.38,32406,82175336.0,7.47,5.21,1.27,3.14
2309,2011-02-14,000925SZ,25.57,25.6,25.69,25.05,28679,72940960.0,2.5,-0.19,-0.05,2.78
2310,2011-02-15,000925SZ,25.6,25.67,26.25,25.28,33773,87563568.0,3.79,0.27,0.07,3.28
2311,2011-02-16,000925SZ,25.8,27.49,27.9,25.8,74368,202107152.0,8.18,7.09,1.82,7.21
2312,2011-02-17,000925SZ,27.48,27.28,27.6,26.72,43244,117511800.0,3.2,-0.76,-0.21,4.19
2313,2011-02-18,000925SZ,27.2,27.18,27.85,26.82,35925,98311376.0,3.78,-0.37,-0.1,3.48
2314,2011-02-21,000925SZ,27.33,27.48,28.75,27.11,60846,168850032.0,6.03,1.1,0.3,5.9
2315,2011-02-22,000925SZ,27.58,26.2,27.7,25.93,47143,125279168.0,6.44,-4.66,-1.28,4.57
2316,2011-02-23,000925SZ,26.0,25.79,26.2,25.6,30993,80245968.0,2.29,-1.56,-0.41,3.01
2317,2011-02-24,000925SZ,25.96,26.12,26.3,25.3,26645,68649592.0,3.88,1.28,0.33,2.58
2318,2011-02-25,000925SZ,26.11,26.1,26.3,25.7,16047,41674900.0,2.3,-0.08,-0.02,1.56
2319,2011-02-28,000925SZ,26.1,26.84,26.93,25.86,20234,53730596.0,4.1,2.84,0.74,1.96
2320,2011-03-01,000925SZ,26.84,26.78,27.11,26.5,14957,40042836.0,2.27,-0.22,-0.06,1.45
2321,2011-03-02,000925SZ,26.75,25.91,26.75,25.8,16985,44318016.0,3.55,-3.25,-0.87,1.65
2322,2011-03-03,000925SZ,25.95,25.0,26.19,24.76,28612,72352720.0,5.52,-3.51,-0.91,2.78
2323,2011-03-04,000925SZ,25.01,25.5,25.6,25.0,19176,48728132.0,2.4,2.0,0.5,1.86
2324,2011-03-07,000925SZ,25.5,25.56,25.9,25.3,14983,38369784.0,2.35,0.24,0.06,1.45
2325,2011-03-08,000925SZ,25.75,25.36,25.76,25.28,12833,32679554.0,1.88,-0.78,-0.2,1.24
2326,2011-03-09,000925SZ,25.4,26.09,26.29,25.31,19254,49909100.0,3.86,2.88,0.73,1.87
2327,2011-03-10,000925SZ,26.09,25.75,26.3,25.55,12092,31302404.0,2.87,-1.3,-0.34,1.17
2328,2011-03-11,000925SZ,25.76,25.46,25.95,25.28,10457,26685898.0,2.6,-1.13,-0.29,1.01
2329,2011-03-14,000925SZ,25.3,25.35,25.51,24.8,18509,46424916.0,2.79,-0.43,-0.11,1.8
2330,2011-03-15,000925SZ,25.35,24.68,25.46,24.29,15309,37783564.0,4.62,-2.64,-0.67,1.48
2331,2011-03-16,000925SZ,24.65,24.92,25.25,24.33,11004,27376766.0,3.73,0.97,0.24,1.07
2332,2011-03-17,000925SZ,24.8,25.3,25.55,24.51,16637,41824356.0,4.17,1.52,0.38,1.61
2333,2011-03-18,000925SZ,25.6,25.28,25.7,24.88,13725,34604352.0,3.24,-0.08,-0.02,1.33
2334,2011-03-21,000925SZ,25.41,24.75,25.45,24.5,12268,30506878.0,3.76,-2.1,-0.53,1.19
2335,2011-03-22,000925SZ,24.74,24.49,24.87,24.29,15440,37740748.0,2.34,-1.05,-0.26,1.5
2336,2011-03-23,000925SZ,24.24,24.68,24.75,24.2,10726,26243610.0,2.25,0.78,0.19,1.04
2337,2011-03-24,000925SZ,24.73,24.5,24.9,24.45,8307,20386148.0,1.82,-0.73,-0.18,0.81
2338,2011-03-25,000925SZ,24.5,24.39,24.59,24.29,19197,46861300.0,1.22,-0.45,-0.11,1.86
2339,2011-03-28,000925SZ,24.35,23.88,24.48,23.75,24689,59373048.0,2.99,-2.09,-0.51,2.39
2340,2011-03-29,000925SZ,23.8,23.1,23.8,22.88,26114,60566328.0,3.85,-3.27,-0.78,2.53
2341,2011-03-30,000925SZ,22.5,23.58,23.69,22.5,15246,35636560.0,5.15,2.08,0.48,1.48
2342,2011-03-31,000925SZ,23.6,23.18,23.99,23.18,9557,22554122.0,3.44,-1.7,-0.4,0.93
2343,2011-04-01,000925SZ,23.19,23.32,23.58,23.17,6881,16024581.0,1.77,0.6,0.14,0.67
2344,2011-04-06,000925SZ,23.25,23.48,23.5,23.03,9805,22789516.0,2.02,0.69,0.16,0.95
2345,2011-04-07,000925SZ,23.49,23.28,23.6,23.0,12426,28852882.0,2.56,-0.85,-0.2,1.21
2346,2011-04-08,000925SZ,23.27,23.07,23.29,22.67,19351,44329084.0,2.66,-0.9,-0.21,1.88
2347,2011-04-11,000925SZ,22.83,22.33,23.0,22.3,22218,50317932.0,3.03,-3.21,-0.74,2.16
2348,2011-04-12,000925SZ,22.4,22.2,22.4,21.81,29019,64034636.0,2.64,-0.58,-0.13,2.81
2349,2011-04-13,000925SZ,22.01,22.2,22.28,21.9,18056,39853652.0,1.71,0.0,0.0,1.75
2350,2011-04-14,000925SZ,22.24,22.32,22.41,22.22,15658,34936580.0,0.86,0.54,0.12,1.52
2351,2011-04-15,000925SZ,22.33,22.19,22.34,21.76,11461,25257916.0,2.6,-0.58,-0.13,1.11
2352,2011-04-18,000925SZ,22.15,22.2,22.29,21.59,21604,47095840.0,3.15,0.05,0.01,2.1
2353,2011-04-19,000925SZ,22.12,22.85,23.19,21.7,35676,80842736.0,6.71,2.93,0.65,3.46
2354,2011-04-20,000925SZ,22.89,23.1,23.15,22.7,20431,46958156.0,1.97,1.09,0.25,1.98
2355,2011-04-21,000925SZ,23.19,22.88,23.25,22.69,16058,36681084.0,2.42,-0.95,-0.22,1.56
2356,2011-04-22,000925SZ,22.88,22.54,23.0,22.41,12176,27587854.0,2.58,-1.49,-0.34,1.18
2357,2011-04-25,000925SZ,22.5,21.96,22.5,21.8,8243,18104982.0,3.11,-2.57,-0.58,0.8
2358,2011-04-26,000925SZ,21.9,21.36,21.9,20.89,15020,32010514.0,4.6,-2.73,-0.6,1.46
2359,2011-04-27,000925SZ,21.4,20.8,21.89,20.63,13100,27749400.0,5.9,-2.62,-0.56,1.27
2360,2011-04-28,000925SZ,20.3,19.86,20.76,19.68,11685,23537966.0,5.19,-4.52,-0.94,1.13
2361,2011-04-29,000925SZ,19.86,20.78,20.86,19.8,7338,14908101.0,5.34,4.63,0.92,0.71
2362,2011-05-03,000925SZ,20.88,20.58,20.88,20.17,6641,13584382.0,3.42,-0.96,-0.2,0.61
2363,2011-05-04,000925SZ,20.35,20.2,20.5,19.7,9253,18508342.0,3.89,-1.85,-0.38,0.85
2364,2011-05-05,000925SZ,20.16,20.18,20.34,19.9,4659,9369196.0,2.18,-0.1,-0.02,0.43
2365,2011-05-06,000925SZ,20.18,20.3,20.31,19.8,6450,12958619.0,2.53,0.59,0.12,0.59
2366,2011-05-09,000925SZ,20.26,20.53,20.75,20.26,8632,17700272.0,2.41,1.13,0.23,0.79
2367,2011-05-10,000925SZ,20.53,20.1,20.7,20.02,7764,15730900.0,3.31,-2.09,-0.43,0.71
2368,2011-05-11,000925SZ,20.01,20.1,20.24,19.88,7616,15271296.0,1.79,0.0,0.0,0.7
2369,2011-05-12,000925SZ,20.08,20.47,21.2,20.01,19106,39819640.0,5.92,1.84,0.37,1.76
2370,2011-05-13,000925SZ,20.45,20.62,20.8,20.16,8748,17855602.0,3.13,0.73,0.15,0.8
2371,2011-05-16,000925SZ,20.62,20.22,20.62,20.2,9063,18468438.0,2.04,-1.94,-0.4,0.83
2372,2011-05-17,000925SZ,20.2,20.4,20.49,20.15,7186,14628040.0,1.68,0.89,0.18,0.66
2373,2011-05-18,000925SZ,20.5,20.23,20.5,20.22,5605,11386234.0,1.37,-0.83,-0.17,0.52
2374,2011-05-20,000925SZ,20.45,20.02,20.45,19.97,7469,14998949.0,2.37,-1.04,-0.21,0.69
2375,2011-05-23,000925SZ,20.09,19.1,20.15,18.26,8205,15839767.0,9.44,-4.6,-0.92,0.75
2376,2011-05-24,000925SZ,18.94,19.0,19.17,18.2,10480,19723024.0,5.08,-0.52,-0.1,0.96
2377,2011-05-25,000925SZ,19.0,18.44,19.0,18.3,5084,9450918.0,3.68,-2.95,-0.56,0.47
2378,2011-05-26,000925SZ,18.21,18.32,18.7,18.21,4063,7490051.0,2.66,-0.65,-0.12,0.37
2379,2011-05-27,000925SZ,18.33,18.0,18.5,17.99,6626,12021873.0,2.78,-1.75,-0.32,0.61
2380,2011-05-30,000925SZ,17.95,17.7,17.95,17.51,12615,22312842.0,2.44,-1.67,-0.3,1.16
2381,2011-05-31,000925SZ,17.95,18.03,18.05,17.45,11439,20292930.0,3.39,1.86,0.33,1.05
2382,2011-06-01,000925SZ,18.23,18.05,18.23,17.78,8693,15537345.0,2.5,0.11,0.02,0.8
2383,2011-06-02,000925SZ,17.9,17.06,17.9,16.91,11084,19187060.0,5.48,-5.48,-0.99,1.02
2384,2011-06-03,000925SZ,17.0,17.26,17.27,16.86,7599,13034589.0,2.4,1.17,0.2,0.7
2385,2011-06-07,000925SZ,17.2,17.55,17.61,17.15,7048,12274828.0,2.67,1.68,0.29,0.65
2386,2011-06-08,000925SZ,17.55,17.42,17.7,17.26,7613,13251974.0,2.51,-0.74,-0.13,0.7
2387,2011-06-09,000925SZ,17.43,16.9,17.43,16.88,8435,14427070.0,3.16,-2.99,-0.52,0.78
2388,2011-06-10,000925SZ,16.8,17.01,17.01,16.3,11768,19492902.0,4.2,0.65,0.11,1.08
2389,2011-06-13,000925SZ,16.7,17.06,17.09,16.66,5507,9302674.0,2.53,0.29,0.05,0.51
2390,2011-06-14,000925SZ,17.06,17.01,17.54,17.01,9420,16281711.0,3.11,-0.29,-0.05,0.87
2391,2011-06-15,000925SZ,17.11,17.04,17.25,16.8,5281,8971932.0,2.65,0.18,0.03,0.49
2392,2011-06-16,000925SZ,16.72,16.66,16.97,16.53,3560,5951006.5,2.58,-2.23,-0.38,0.33
2393,2011-06-17,000925SZ,16.45,16.67,16.85,16.4,5505,9145441.0,2.7,0.06,0.01,0.51
2394,2011-06-20,000925SZ,16.33,16.04,16.66,15.86,5017,8132319.0,4.8,-3.78,-0.63,0.46
2395,2011-06-21,000925SZ,15.99,15.9,16.15,15.62,5446,8638765.0,3.3,-0.87,-0.14,0.5
2396,2011-06-22,000925SZ,15.91,16.13,16.17,15.85,5043,8092055.5,2.01,1.45,0.23,0.46
2397,2011-06-23,000925SZ,16.0,16.36,16.48,15.9,6121,9941697.0,3.6,1.43,0.23,0.56
2398,2011-06-24,000925SZ,16.36,17.0,17.18,16.25,10928,18388980.0,5.68,3.91,0.64,1.0
2399,2011-06-27,000925SZ,16.94,17.2,17.43,16.94,9909,17049820.0,2.88,1.18,0.2,0.91
2400,2011-06-28,000925SZ,17.2,17.29,17.3,17.0,10851,18583486.0,1.74,0.52,0.09,1.0
2401,2011-06-29,000925SZ,17.29,17.19,17.78,17.15,10940,19014404.0,3.64,-0.58,-0.1,1.01
2402,2011-06-30,000925SZ,17.1,17.28,17.36,17.05,9570,16480095.0,1.8,0.52,0.09,0.88
2403,2011-07-01,000925SZ,17.39,18.4,18.5,17.3,31746,57097156.0,6.94,6.48,1.12,2.92
2404,2011-07-04,000925SZ,18.5,19.13,19.6,18.03,60056,113216032.0,8.53,3.97,0.73,5.52
2405,2011-07-05,000925SZ,18.9,18.69,18.9,18.61,22747,42563108.0,1.52,-2.3,-0.44,2.09
2406,2011-07-06,000925SZ,18.61,18.9,19.15,18.2,32644,60419452.0,5.08,1.12,0.21,3.0
2407,2011-07-07,000925SZ,18.88,18.46,18.95,18.45,15092,28229668.0,2.65,-2.33,-0.44,1.39
2408,2011-07-08,000925SZ,18.42,18.13,18.59,18.07,12650,23085050.0,2.82,-1.79,-0.33,1.16
2409,2011-07-11,000925SZ,18.0,18.24,18.35,17.83,11612,21020514.0,2.87,0.61,0.11,1.07
2410,2011-07-12,000925SZ,18.08,17.94,18.18,17.67,13886,24843052.0,2.8,-1.64,-0.3,1.28
2411,2011-07-13,000925SZ,17.91,18.14,18.23,17.77,14758,26659888.0,2.56,1.11,0.2,1.36
2412,2011-07-14,000925SZ,18.18,18.15,18.39,17.9,19513,35377504.0,2.7,0.06,0.01,1.79
2413,2011-07-15,000925SZ,18.2,18.5,18.58,18.15,20442,37587164.0,2.37,1.93,0.35,1.88
2414,2011-07-18,000925SZ,18.5,18.7,19.15,18.5,25396,47790068.0,3.51,1.08,0.2,2.34
2415,2011-07-19,000925SZ,18.68,18.19,18.68,18.0,13225,24118286.0,3.64,-2.73,-0.51,1.22
2416,2011-07-20,000925SZ,18.3,18.13,18.49,17.98,11246,20404236.0,2.8,-0.33,-0.06,1.03
2417,2011-07-21,000925SZ,18.11,17.6,18.21,17.59,13255,23514262.0,3.42,-2.92,-0.53,1.22
2418,2011-07-22,000925SZ,17.7,17.4,17.78,17.29,11247,19695654.0,2.78,-1.14,-0.2,1.03
2419,2011-07-25,000925SZ,17.35,16.35,17.35,16.16,19193,31685540.0,6.84,-6.03,-1.05,1.76
2420,2011-07-26,000925SZ,16.35,16.28,16.47,16.1,7768,12630617.0,2.26,-0.43,-0.07,0.71
2421,2011-07-27,000925SZ,16.28,16.5,16.59,16.11,7572,12455124.0,2.95,1.35,0.22,0.7
2422,2011-07-28,000925SZ,16.41,16.39,16.41,16.22,7592,12367200.0,1.15,-0.67,-0.11,0.7
2423,2011-07-29,000925SZ,16.35,16.96,17.17,16.3,19998,33768948.0,5.31,3.48,0.57,1.84
2424,2011-08-01,000925SZ,16.97,17.42,17.81,16.7,24641,43068632.0,6.54,2.71,0.46,2.27
2425,2011-08-02,000925SZ,17.39,16.94,17.39,16.6,9885,16765837.0,4.54,-2.76,-0.48,0.91
2426,2011-08-03,000925SZ,16.93,17.1,17.41,16.63,10016,17074144.0,4.6,0.94,0.16,0.92
2427,2011-08-04,000925SZ,16.95,17.11,17.48,16.88,6833,11765357.0,3.51,0.06,0.01,0.63
2428,2011-08-05,000925SZ,16.22,16.55,16.74,16.22,8050,13328991.0,3.04,-3.27,-0.56,0.74
2429,2011-08-08,000925SZ,16.3,15.45,16.3,14.9,13288,20628216.0,8.46,-6.65,-1.1,1.22
2430,2011-08-09,000925SZ,15.06,15.04,15.35,14.41,14292,21391372.0,6.08,-2.65,-0.41,1.31
2431,2011-08-10,000925SZ,15.35,15.21,15.65,15.2,7968,12293620.0,2.99,1.13,0.17,0.73
2432,2011-08-11,000925SZ,14.95,15.41,15.43,14.51,7183,10864282.0,6.05,1.31,0.2,0.66
2433,2011-08-12,000925SZ,15.69,16.11,16.8,15.69,13261,21576132.0,7.2,4.54,0.7,1.22
2434,2011-08-15,000925SZ,16.11,16.15,16.23,15.85,7117,11442627.0,2.36,0.25,0.04,0.65
2435,2011-08-16,000925SZ,16.2,17.0,17.07,15.92,18273,30166458.0,7.12,5.26,0.85,1.68
2436,2011-08-17,000925SZ,16.95,16.98,16.98,16.5,11364,19052792.0,2.82,-0.12,-0.02,1.04
2437,2011-08-18,000925SZ,16.84,16.21,16.9,16.2,9483,15617847.0,4.12,-4.53,-0.77,0.87
2438,2011-08-19,000925SZ,15.8,15.78,15.89,15.48,7674,12038585.0,2.53,-2.65,-0.43,0.71
2439,2011-08-22,000925SZ,15.78,15.55,15.97,15.42,5226,8217684.5,3.49,-1.46,-0.23,0.48
2440,2011-08-23,000925SZ,15.55,15.72,15.75,15.51,5232,8179377.0,1.54,1.09,0.17,0.48
2441,2011-08-24,000925SZ,15.8,15.81,16.22,15.76,7483,11948098.0,2.93,0.57,0.09,0.69
2442,2011-08-25,000925SZ,15.8,16.3,16.3,15.8,6958,11177941.0,3.16,3.1,0.49,0.64
2443,2011-08-26,000925SZ,16.2,16.24,16.32,16.05,5275,8543108.0,1.66,-0.37,-0.06,0.49
2444,2011-08-29,000925SZ,16.28,16.2,16.41,16.02,4783,7756982.0,2.4,-0.25,-0.04,0.44
2445,2011-08-30,000925SZ,16.2,16.78,16.78,15.8,22608,36871276.0,6.05,3.58,0.58,2.08
2446,2011-08-31,000925SZ,16.65,17.3,17.66,16.4,54325,92353208.0,7.51,3.1,0.52,4.99
2447,2011-09-01,000925SZ,17.11,16.51,17.2,16.48,24433,41180256.0,4.16,-4.57,-0.79,2.25
2448,2011-09-02,000925SZ,16.4,15.99,16.51,15.83,13626,21879578.0,4.12,-3.15,-0.52,1.25
2449,2011-09-05,000925SZ,15.7,15.25,15.7,15.24,12220,18829648.0,2.88,-4.63,-0.74,1.12
2450,2011-09-06,000925SZ,15.08,15.16,15.3,15.02,5066,7678203.0,1.84,-0.59,-0.09,0.47
2451,2011-09-07,000925SZ,15.18,15.56,15.68,15.18,4892,7570223.0,3.3,2.64,0.4,0.45
2452,2011-09-08,000925SZ,15.66,15.3,15.89,15.3,7446,11661181.0,3.79,-1.67,-0.26,0.68
2453,2011-09-09,000925SZ,15.48,15.16,15.57,15.1,4829,7403798.5,3.07,-0.92,-0.14,0.44
2454,2011-09-13,000925SZ,15.15,14.88,15.15,14.8,5496,8163602.0,2.31,-1.85,-0.28,0.51
2455,2011-09-14,000925SZ,15.0,15.24,15.24,14.86,4872,7324410.0,2.55,2.42,0.36,0.45
2456,2011-09-15,000925SZ,15.48,14.6,15.48,14.57,16473,24584684.0,5.97,-4.2,-0.64,1.51
2457,2011-09-16,000925SZ,14.71,14.8,14.9,14.6,10374,15322168.0,2.05,1.37,0.2,0.95
2458,2011-09-19,000925SZ,14.8,14.6,14.8,14.42,5360,7837122.5,2.57,-1.35,-0.2,0.49
2459,2011-09-20,000925SZ,14.6,14.62,14.85,14.48,4862,7112452.0,2.53,0.14,0.02,0.45
2460,2011-09-21,000925SZ,14.62,15.11,15.17,14.55,10473,15639052.0,4.24,3.35,0.49,0.96
2461,2011-09-22,000925SZ,15.02,14.86,15.3,14.86,11384,17178938.0,2.91,-1.65,-0.25,1.05
2462,2011-09-23,000925SZ,14.6,14.76,15.0,14.48,5429,8019578.0,3.5,-0.67,-0.1,0.5
2463,2011-09-26,000925SZ,14.55,14.62,14.97,14.5,6923,10168015.0,3.18,-0.95,-0.14,0.64
2464,2011-09-27,000925SZ,14.8,14.81,15.23,14.61,7209,10699906.0,4.24,1.3,0.19,0.66
2465,2011-09-28,000925SZ,14.95,15.31,15.5,14.9,34270,52404616.0,4.05,3.38,0.5,3.15
2466,2011-09-29,000925SZ,15.01,14.45,15.3,14.0,20527,30221134.0,8.49,-5.62,-0.86,1.89
2467,2011-09-30,000925SZ,14.68,14.28,14.68,14.25,15804,22788842.0,2.98,-1.18,-0.17,1.45
2468,2011-10-10,000925SZ,14.17,14.06,14.45,14.03,5085,7264155.0,2.94,-1.54,-0.22,0.47
2469,2011-10-11,000925SZ,14.32,13.75,14.6,13.68,10545,14687658.0,6.54,-2.2,-0.31,0.97
2470,2011-10-12,000925SZ,13.7,14.1,14.2,12.8,14057,19530382.0,10.18,2.55,0.35,1.29
2471,2011-10-13,000925SZ,14.02,14.25,14.36,14.01,7677,10911322.0,2.48,1.06,0.15,0.71
2472,2011-10-14,000925SZ,14.23,14.01,14.23,13.85,5111,7163601.5,2.67,-1.68,-0.24,0.47
2473,2011-10-17,000925SZ,13.9,14.21,14.26,13.6,11417,16184464.0,4.71,1.43,0.2,1.05
2474,2011-10-18,000925SZ,14.16,13.8,14.16,13.74,5778,8035623.0,2.96,-2.89,-0.41,0.53
2475,2011-10-19,000925SZ,13.8,13.55,13.94,13.36,7701,10485710.0,4.2,-1.81,-0.25,0.71
2476,2011-10-20,000925SZ,13.53,12.96,13.54,12.5,9749,12559722.0,7.68,-4.35,-0.59,0.9
2477,2011-10-21,000925SZ,12.92,12.55,12.99,12.37,6298,8001234.0,4.78,-3.16,-0.41,0.58
2478,2011-10-24,000925SZ,12.79,12.43,12.79,11.8,10211,12580750.0,7.89,-0.96,-0.12,0.94
2479,2011-10-25,000925SZ,12.42,12.71,12.71,12.23,13460,16877052.0,3.86,2.25,0.28,1.24
2480,2011-10-27,000925SZ,12.9,12.76,13.21,12.73,14474,18665462.0,3.78,0.39,0.05,1.33
2481,2011-10-28,000925SZ,12.72,13.2,13.21,12.72,18203,23693360.0,3.84,3.45,0.44,1.67
2482,2011-10-31,000925SZ,13.4,13.6,13.64,13.22,26632,35794844.0,3.18,3.03,0.4,2.45
2483,2011-11-01,000925SZ,13.8,13.62,14.22,13.55,36717,50945116.0,4.93,0.15,0.02,3.38
2484,2011-11-02,000925SZ,13.18,13.68,13.78,13.05,27916,37377336.0,5.36,0.44,0.06,2.57
2485,2011-11-03,000925SZ,13.69,13.77,14.2,13.57,32549,45238512.0,4.61,0.66,0.09,2.99
2486,2011-11-04,000925SZ,13.88,13.71,13.99,13.67,23609,32639856.0,2.32,-0.44,-0.06,2.17
2487,2011-11-07,000925SZ,13.61,13.45,13.81,13.4,18230,24681964.0,2.99,-1.9,-0.26,1.68
2488,2011-11-08,000925SZ,13.5,12.94,13.5,12.86,22403,29496398.0,4.76,-3.79,-0.51,2.06
2489,2011-11-09,000925SZ,12.98,13.21,13.24,12.76,20428,26560368.0,3.71,2.09,0.27,1.88
2490,2011-11-10,000925SZ,13.0,13.8,13.99,12.82,57172,77751944.0,8.86,4.47,0.59,5.26
2491,2011-11-11,000925SZ,14.0,14.22,14.32,13.7,79021,110930208.0,4.49,3.04,0.42,7.27
2492,2011-11-14,000925SZ,14.51,14.4,14.98,14.35,81870,119385136.0,4.43,1.27,0.18,7.53
2493,2011-11-15,000925SZ,14.25,15.43,15.46,14.22,90355,135257824.0,8.61,7.15,1.03,8.31
2494,2011-11-16,000925SZ,15.35,14.9,15.35,14.68,56460,84697880.0,4.34,-3.43,-0.53,5.19
2495,2011-11-17,000925SZ,14.9,14.74,15.25,14.69,41432,61808924.0,3.76,-1.07,-0.16,3.81
2496,2011-11-18,000925SZ,14.65,13.91,14.65,13.9,31510,44877652.0,5.09,-5.63,-0.83,2.9
2497,2011-11-21,000925SZ,13.91,13.95,14.04,13.66,18534,25648470.0,2.73,0.29,0.04,1.7
2498,2011-11-22,000925SZ,13.85,13.93,13.94,13.53,15223,20916442.0,2.94,-0.14,-0.02,1.4
2499,2011-11-23,000925SZ,13.99,14.15,14.6,13.99,32363,46302048.0,4.38,1.58,0.22,2.98
2500,2011-11-24,000925SZ,14.0,13.87,14.16,13.5,17861,24718788.0,4.66,-1.98,-0.28,1.64
2501,2011-11-25,000925SZ,14.15,13.8,14.16,13.72,11385,15811629.0,3.17,-0.5,-0.07,1.05
2502,2011-11-28,000925SZ,13.9,13.99,14.05,13.84,17067,23827498.0,1.52,1.38,0.19,1.57
2503,2011-11-29,000925SZ,14.16,14.29,14.29,14.02,17191,24331294.0,1.93,2.14,0.3,1.58
2504,2011-11-30,000925SZ,14.15,13.5,14.29,13.45,24677,34151436.0,5.88,-5.53,-0.79,2.27
2505,2011-12-01,000925SZ,14.0,14.28,14.31,13.69,29036,40795356.0,4.59,5.78,0.78,2.67
2506,2011-12-02,000925SZ,14.2,14.6,14.7,14.04,51753,74759976.0,4.62,2.24,0.32,4.76
2507,2011-12-05,000925SZ,14.54,13.85,14.8,13.7,25739,36882708.0,7.53,-5.14,-0.75,2.37
2508,2011-12-06,000925SZ,13.61,12.76,13.61,12.47,35067,45117340.0,8.23,-7.87,-1.09,3.22
2509,2011-12-07,000925SZ,12.7,12.58,12.76,12.35,15413,19344928.0,3.21,-1.41,-0.18,1.42
2510,2011-12-08,000925SZ,12.58,12.56,12.8,12.16,15386,19211370.0,5.09,-0.16,-0.02,1.41
2511,2011-12-09,000925SZ,12.41,12.32,12.72,12.25,12620,15665122.0,3.74,-1.91,-0.24,1.16
2512,2011-12-12,000925SZ,12.25,12.02,12.46,12.01,7447,9110405.0,3.65,-2.44,-0.3,0.68
2513,2011-12-13,000925SZ,11.99,11.06,11.99,11.02,20692,23361920.0,8.07,-7.99,-0.96,1.9
2514,2011-12-14,000925SZ,10.97,10.93,11.28,10.87,13615,15061536.0,3.71,-1.18,-0.13,1.25
2515,2011-12-15,000925SZ,10.9,10.35,11.06,10.35,14277,15069752.0,6.5,-5.31,-0.58,1.31
2516,2011-12-16,000925SZ,10.35,10.65,10.68,10.21,14866,15510633.0,4.54,2.9,0.3,1.37
2517,2011-12-19,000925SZ,10.6,10.35,10.6,9.99,25114,25724404.0,5.73,-2.82,-0.3,2.31
2518,2011-12-20,000925SZ,10.39,10.35,10.5,10.31,17552,18264904.0,1.84,0.0,0.0,1.61
2519,2011-12-21,000925SZ,10.58,9.91,10.6,9.91,18786,19329882.0,6.67,-4.25,-0.44,1.73
2520,2011-12-22,000925SZ,9.65,9.37,9.72,8.92,27565,25400968.0,8.07,-5.45,-0.54,2.53
2521,2011-12-23,000925SZ,9.28,9.64,9.76,9.22,21375,20405786.0,5.76,2.88,0.27,1.97
2522,2011-12-26,000925SZ,9.58,9.7,9.92,9.5,12344,12043347.0,4.36,0.62,0.06,1.13
2523,2011-12-27,000925SZ,9.88,9.35,9.88,9.35,7776,7429343.5,5.46,-3.61,-0.35,0.71
2524,2011-12-28,000925SZ,9.3,9.57,9.59,9.13,12502,11729318.0,4.92,2.35,0.22,1.15
2525,2011-12-29,000925SZ,9.57,9.77,9.8,9.4,13145,12715247.0,4.18,2.09,0.2,1.21
2526,2011-12-30,000925SZ,9.85,10.08,10.15,9.77,12236,12278224.0,3.89,3.17,0.31,1.13
2527,2012-01-04,000925SZ,10.15,9.9,10.16,9.8,10182,10163498.0,3.57,-1.79,-0.18,0.94
2528,2012-01-05,000925SZ,9.98,9.51,9.98,9.5,8376,8109742.0,4.85,-3.94,-0.39,0.77
2529,2012-01-06,000925SZ,9.51,9.6,9.75,9.3,7826,7433349.5,4.73,0.95,0.09,0.72
2530,2012-01-09,000925SZ,9.57,9.99,10.06,9.5,8721,8586415.0,5.83,4.06,0.39,0.8
2531,2012-01-10,000925SZ,10.14,10.84,10.99,9.99,26337,27729750.0,10.01,8.51,0.85,2.42
2532,2012-01-11,000925SZ,10.55,10.64,10.79,10.55,14039,14974472.0,2.21,-1.85,-0.2,1.29
2533,2012-01-12,000925SZ,10.55,10.54,10.74,10.35,10965,11547047.0,3.67,-0.94,-0.1,1.01
2534,2012-01-13,000925SZ,10.55,10.09,10.55,10.09,11724,11970775.0,4.36,-4.27,-0.45,1.08
2535,2012-01-16,000925SZ,10.01,10.22,10.4,9.91,19901,20353634.0,4.86,1.29,0.13,1.83
2536,2012-01-17,000925SZ,10.32,10.7,10.7,10.01,21143,22078166.0,6.75,4.7,0.48,1.94
2537,2012-01-18,000925SZ,10.65,10.25,10.84,10.2,15838,16579300.0,5.98,-4.21,-0.45,1.46
2538,2012-01-19,000925SZ,10.24,9.9,10.41,9.88,15833,15980733.0,5.17,-3.41,-0.35,1.46
2539,2012-01-20,000925SZ,9.95,10.04,10.1,9.91,11475,11455471.0,1.92,1.41,0.14,1.06
2540,2012-01-30,000925SZ,10.1,10.15,10.35,9.92,10139,10283110.0,4.28,1.1,0.11,0.93
2541,2012-01-31,000925SZ,10.06,10.04,10.13,9.95,6822,6823085.0,1.77,-1.08,-0.11,0.63
2542,2012-02-01,000925SZ,10.04,10.08,10.1,9.85,10074,10052620.0,2.49,0.4,0.04,0.93
2543,2012-02-02,000925SZ,10.41,10.4,10.5,10.07,23532,23968338.0,4.27,3.17,0.32,2.16
2544,2012-02-03,000925SZ,10.25,10.58,10.63,10.2,33191,34681164.0,4.13,1.73,0.18,3.05
2545,2012-02-06,000925SZ,10.51,10.56,10.65,10.45,21910,23081080.0,1.89,-0.19,-0.02,2.01
2546,2012-02-07,000925SZ,10.45,10.24,10.5,10.16,15859,16295068.0,3.22,-3.03,-0.32,1.46
2547,2012-02-08,000925SZ,10.24,10.62,10.65,10.24,25293,26468030.0,4.0,3.71,0.38,2.33
2548,2012-02-09,000925SZ,10.71,10.6,10.79,10.58,34574,36884156.0,1.98,-0.19,-0.02,3.18
2549,2012-02-10,000925SZ,10.58,10.63,10.78,10.53,23130,24609258.0,2.36,0.28,0.03,2.13
2550,2012-02-13,000925SZ,10.54,10.83,11.0,10.46,33048,35656284.0,5.08,1.88,0.2,3.04
2551,2012-02-14,000925SZ,10.8,11.25,11.25,10.73,45668,50332324.0,4.8,3.88,0.42,4.2
2552,2012-02-15,000925SZ,11.18,11.35,11.44,11.02,38938,43891648.0,3.73,0.89,0.1,3.58
2553,2012-02-16,000925SZ,11.3,11.24,11.47,11.13,40283,45551380.0,3.0,-0.97,-0.11,3.7
2554,2012-02-17,000925SZ,11.33,11.03,11.34,10.91,24323,26876522.0,3.83,-1.87,-0.21,2.24
2555,2012-02-20,000925SZ,11.2,10.95,11.2,10.9,28075,30963792.0,2.72,-0.73,-0.08,2.58
2556,2012-02-21,000925SZ,10.95,11.18,11.19,10.93,28549,31593778.0,2.37,2.1,0.23,2.62
2557,2012-02-22,000925SZ,11.17,11.42,11.46,11.02,40138,45311632.0,3.94,2.15,0.24,3.69
2558,2012-02-23,000925SZ,11.4,11.26,11.43,11.18,30319,34252420.0,2.19,-1.4,-0.16,2.79
2559,2012-02-24,000925SZ,11.26,11.54,11.57,11.21,38889,44352424.0,3.2,2.49,0.28,3.58
2560,2012-02-27,000925SZ,11.4,11.46,11.71,11.4,49500,57306928.0,2.69,-0.69,-0.08,4.55
2561,2012-02-28,000925SZ,11.38,11.22,11.45,11.02,36201,40585140.0,3.75,-2.09,-0.24,3.33
2562,2012-02-29,000925SZ,11.21,10.85,11.21,10.77,40487,44440364.0,3.92,-3.3,-0.37,3.72
2563,2012-03-01,000925SZ,10.83,10.97,11.13,10.83,22033,24234042.0,2.76,1.11,0.12,2.03
2564,2012-03-02,000925SZ,11.0,11.16,11.23,10.98,24538,27320156.0,2.28,1.73,0.19,2.26
2565,2012-03-05,000925SZ,11.16,11.26,11.33,11.16,24648,27741848.0,1.52,0.9,0.1,2.27
2566,2012-03-06,000925SZ,11.37,11.19,11.37,10.91,23377,25960024.0,4.09,-0.62,-0.07,2.15
2567,2012-03-07,000925SZ,11.0,11.37,11.4,10.9,35719,40119572.0,4.47,1.61,0.18,3.28
2568,2012-03-08,000925SZ,11.38,11.41,11.57,11.32,40921,46811732.0,2.2,0.35,0.04,3.76
2569,2012-03-09,000925SZ,11.39,11.64,11.65,11.34,44545,51407608.0,2.72,2.02,0.23,4.1
2570,2012-03-12,000925SZ,11.79,11.81,11.97,11.61,54359,63902292.0,3.09,1.46,0.17,5.0
2571,2012-03-13,000925SZ,11.81,11.77,11.86,11.6,33131,38814080.0,2.2,-0.34,-0.04,3.05
2572,2012-03-14,000925SZ,11.82,11.31,12.06,11.2,71163,83520336.0,7.31,-3.91,-0.46,6.54
2573,2012-03-15,000925SZ,11.2,11.23,11.37,10.78,40261,44514588.0,5.22,-0.71,-0.08,3.7
2574,2012-03-16,000925SZ,11.23,11.57,11.58,11.2,26820,30496592.0,3.38,3.03,0.34,2.47
2575,2012-03-19,000925SZ,11.61,11.58,11.77,11.35,48520,55804480.0,3.63,0.09,0.01,3.7
2576,2012-03-20,000925SZ,11.49,11.12,11.49,11.1,21314,24027715.0,3.37,-3.97,-0.46,1.63
2577,2012-03-21,000925SZ,11.12,11.08,11.23,10.8,21029,23114407.0,3.87,-0.36,-0.04,1.6
2578,2012-03-22,000925SZ,11.14,11.35,11.55,10.91,41282,46827640.0,5.78,2.44,0.27,3.15
2579,2012-03-23,000925SZ,11.22,11.2,11.28,10.89,19222,21234740.0,3.44,-1.32,-0.15,1.47
2580,2012-03-26,000925SZ,11.03,11.08,11.17,10.94,11503,12718015.0,2.05,-1.07,-0.12,0.88
2581,2012-03-27,000925SZ,11.13,10.96,11.18,10.96,10768,11916305.0,1.99,-1.08,-0.12,0.82
2582,2012-03-28,000925SZ,10.91,10.19,10.94,10.16,26100,27172824.0,7.12,-7.03,-0.77,1.99
2583,2012-03-29,000925SZ,10.18,9.8,10.18,9.61,20745,20378259.0,5.59,-3.83,-0.39,1.58
2584,2012-04-05,000925SZ,9.7,10.07,10.12,9.7,14251,14135455.0,4.29,2.76,0.27,1.09
2585,2012-04-06,000925SZ,9.86,9.89,9.95,9.75,20057,19754901.0,1.99,-1.79,-0.18,1.53
2586,2012-04-09,000925SZ,9.76,9.58,9.79,9.55,16193,15695349.0,2.43,-3.13,-0.31,1.24
2587,2012-04-10,000925SZ,9.49,9.57,9.61,9.26,24867,23350155.0,3.65,-0.1,-0.01,1.9
2588,2012-04-11,000925SZ,9.48,9.66,9.68,9.35,12438,11905747.0,3.45,0.94,0.09,0.95
2589,2012-04-12,000925SZ,9.8,9.88,9.93,9.6,17235,16827989.0,3.42,2.28,0.22,1.32
2590,2012-04-13,000925SZ,9.88,10.1,10.26,9.83,20598,20688542.0,4.35,2.23,0.22,1.57
2591,2012-04-16,000925SZ,10.04,9.99,10.15,9.9,13127,13153901.0,2.48,-1.09,-0.11,1.0
2592,2012-04-17,000925SZ,10.0,9.74,10.1,9.7,15358,15170751.0,4.0,-2.5,-0.25,1.17
2593,2012-04-18,000925SZ,9.8,10.17,10.26,9.78,25726,26006020.0,4.93,4.41,0.43,1.96
2594,2012-04-19,000925SZ,10.1,10.24,10.3,10.08,20771,21167190.0,2.16,0.69,0.07,1.58
2595,2012-04-20,000925SZ,10.26,10.2,10.49,10.15,27983,28956556.0,3.32,-0.39,-0.04,2.14
2596,2012-04-23,000925SZ,10.12,9.93,10.23,9.76,27883,27691894.0,4.61,-2.65,-0.27,2.13
2597,2012-04-24,000925SZ,9.9,9.75,9.93,9.54,13370,12994044.0,3.93,-1.81,-0.18,1.02
2598,2012-04-25,000925SZ,9.76,10.03,10.12,9.72,15842,15696533.0,4.1,2.87,0.28,1.21
2599,2012-04-27,000925SZ,10.13,9.7,10.25,9.7,14514,14323050.0,5.48,-3.29,-0.33,1.11
2600,2012-05-02,000925SZ,9.89,9.78,9.91,9.7,14162,13865163.0,2.16,0.82,0.08,1.08
2601,2012-05-03,000925SZ,9.79,9.8,9.87,9.66,13254,12926815.0,2.15,0.2,0.02,1.01
2602,2012-05-04,000925SZ,9.89,9.97,10.15,9.81,21447,21454942.0,3.47,1.73,0.17,0.71
2603,2012-05-07,000925SZ,9.85,10.31,10.36,9.85,29553,30056602.0,5.12,3.41,0.34,0.98
2604,2012-05-08,000925SZ,10.31,10.18,10.33,10.14,16285,16610358.0,1.84,-1.26,-0.13,0.54
2605,2012-05-09,000925SZ,10.09,10.07,10.25,10.01,13745,13907186.0,2.36,-1.08,-0.11,0.46
2606,2012-05-10,000925SZ,10.07,10.18,10.21,10.07,12666,12844775.0,1.39,1.09,0.11,0.42
2607,2012-05-11,000925SZ,10.25,10.45,10.6,10.18,39679,41414620.0,4.13,2.65,0.27,1.32
2608,2012-05-14,000925SZ,10.58,10.45,10.64,10.33,25026,26192732.0,2.97,0.0,0.0,0.83
2609,2012-05-15,000925SZ,10.43,10.38,10.43,10.23,14841,15303207.0,1.91,-0.67,-0.07,0.49
2610,2012-05-16,000925SZ,10.42,10.38,10.47,10.25,13826,14275662.0,2.12,0.0,0.0,0.46
2611,2012-05-17,000925SZ,10.35,10.5,10.55,10.17,38220,39981269.0,3.66,1.16,0.12,1.27
2612,2012-05-18,000925SZ,10.45,9.96,10.46,9.93,20961,21431639.0,5.05,-5.14,-0.54,0.7
2613,2012-05-21,000925SZ,9.96,9.99,10.14,9.84,19117,19125873.0,3.01,0.3,0.03,0.63
2614,2012-05-22,000925SZ,10.06,10.07,10.13,9.93,11807,11853864.0,2.0,0.8,0.08,0.39
2615,2012-05-23,000925SZ,10.04,9.95,10.11,9.84,13113,13051109.0,2.68,-1.19,-0.12,0.44
2616,2012-05-24,000925SZ,9.94,9.76,9.95,9.7,11507,11292657.0,2.51,-1.91,-0.19,0.38
2617,2012-05-25,000925SZ,9.83,9.71,9.89,9.7,6720,6569515.0,1.95,-0.51,-0.05,0.22
2618,2012-05-28,000925SZ,9.71,9.91,9.91,9.5,11914,11563081.0,4.22,2.06,0.2,0.4
2619,2012-05-29,000925SZ,9.86,10.2,10.24,9.8,23113,23430167.0,4.44,2.93,0.29,0.77
2620,2012-05-30,000925SZ,10.5,10.7,11.22,10.5,109181,117995786.0,7.06,4.9,0.5,3.62
2621,2012-05-31,000925SZ,10.55,10.6,10.72,10.25,52424,55095770.0,4.39,-0.93,-0.1,1.74
2622,2012-06-01,000925SZ,10.51,10.39,10.63,10.31,27341,28603740.0,3.02,-1.98,-0.21,0.91
2623,2012-06-04,000925SZ,10.19,9.82,10.2,9.8,27409,27432003.0,3.85,-5.49,-0.57,0.91
2624,2012-06-05,000925SZ,9.9,9.75,10.01,9.71,14562,14324881.0,3.05,-0.71,-0.07,0.48
2625,2012-06-06,000925SZ,9.85,9.79,9.94,9.75,9984,9798677.0,1.95,0.41,0.04,0.33
2626,2012-06-07,000925SZ,9.95,9.79,9.98,9.76,11323,11160719.0,2.25,0.0,0.0,0.38
2627,2012-06-08,000925SZ,9.83,9.84,9.94,9.75,10155,9966141.0,1.94,0.51,0.05,0.34
2628,2012-06-11,000925SZ,9.88,10.02,10.06,9.77,14110,14036365.0,2.95,1.83,0.18,0.47
2629,2012-06-12,000925SZ,9.99,9.9,9.99,9.82,12178,12059638.0,1.7,-1.2,-0.12,0.4
2630,2012-06-13,000925SZ,9.91,10.0,10.05,9.79,15263,15175151.0,2.63,1.01,0.1,0.51
2631,2012-06-14,000925SZ,9.94,9.89,10.03,9.84,14199,14121114.0,1.9,-1.1,-0.11,0.47
2632,2012-06-15,000925SZ,9.9,9.88,10.0,9.81,10359,10255823.0,1.92,-0.1,-0.01,0.34
2633,2012-06-18,000925SZ,9.96,10.0,10.01,9.9,10917,10870938.0,1.11,1.21,0.12,0.36
2634,2012-06-19,000925SZ,9.99,9.86,9.99,9.85,10464,10347440.0,1.4,-1.4,-0.14,0.35
2635,2012-06-20,000925SZ,9.86,9.72,9.95,9.66,14275,13975336.0,2.94,-1.42,-0.14,0.47
2636,2012-06-21,000925SZ,9.71,9.4,9.75,9.3,20044,18926210.0,4.63,-3.29,-0.32,0.67
2637,2012-06-25,000925SZ,9.41,8.93,9.43,8.9,15730,14354781.0,5.64,-5.0,-0.47,0.52
2638,2012-06-26,000925SZ,8.93,8.9,8.96,8.68,10371,9149513.0,3.14,-0.34,-0.03,0.34
2639,2012-06-27,000925SZ,8.96,8.87,8.98,8.85,8825,7868975.0,1.46,-0.34,-0.03,0.29
2640,2012-06-28,000925SZ,8.82,8.6,8.93,8.6,9500,8353184.0,3.72,-3.04,-0.27,0.32
2641,2012-06-29,000925SZ,8.62,8.74,8.82,8.62,8915,7753425.0,2.33,1.63,0.14,0.3
2642,2012-07-02,000925SZ,8.72,8.9,8.99,8.72,10612,9419496.0,3.09,1.83,0.16,0.35
2643,2012-07-03,000925SZ,8.83,8.96,9.0,8.76,11618,10367870.0,2.7,0.67,0.06,0.39
2644,2012-07-04,000925SZ,8.96,8.86,8.96,8.8,5989,5307839.0,1.79,-1.12,-0.1,0.2
2645,2012-07-05,000925SZ,8.85,8.62,8.85,8.61,8196,7129971.0,2.71,-2.71,-0.24,0.27
2646,2012-07-06,000925SZ,8.63,8.74,8.75,8.49,11099,9560792.0,3.02,1.39,0.12,0.37
2647,2012-07-09,000925SZ,8.64,8.34,8.73,8.31,9471,8124406.0,4.81,-4.58,-0.4,0.31
2648,2012-07-10,000925SZ,8.34,8.17,8.42,8.08,11813,9661332.0,4.08,-2.04,-0.17,0.39
2649,2012-07-11,000925SZ,8.17,8.45,8.55,8.1,29003,24184319.0,5.51,3.43,0.28,0.96
2650,2012-07-12,000925SZ,8.45,8.82,9.02,8.35,56032,48932402.0,7.93,4.38,0.37,1.86
2651,2012-07-13,000925SZ,8.82,8.65,8.82,8.55,11160,9673874.0,3.06,-1.93,-0.17,0.37
2652,2012-07-16,000925SZ,8.6,8.17,8.61,8.15,10044,8382349.0,5.32,-5.55,-0.48,0.33
2653,2012-07-17,000925SZ,8.16,8.23,8.25,8.02,12588,10223797.0,2.82,0.73,0.06,0.42
2654,2012-07-18,000925SZ,8.15,8.22,8.25,8.03,11936,9714171.0,2.67,-0.12,-0.01,0.4
2655,2012-07-19,000925SZ,8.23,8.31,8.38,8.17,16310,13527971.0,2.55,1.09,0.09,0.54
2656,2012-07-20,000925SZ,8.26,8.24,8.35,8.2,9332,7703247.0,1.81,-0.84,-0.07,0.31
2657,2012-07-23,000925SZ,8.2,8.19,8.27,8.05,8643,7033360.0,2.67,-0.61,-0.05,0.29
2658,2012-07-24,000925SZ,8.19,8.26,8.35,8.18,10628,8810249.0,2.08,0.85,0.07,0.35
2659,2012-07-25,000925SZ,8.26,8.19,8.35,8.18,6849,5664368.0,2.06,-0.85,-0.07,0.23
2660,2012-07-26,000925SZ,8.18,8.09,8.26,8.07,6762,5513599.0,2.32,-1.22,-0.1,0.22
2661,2012-07-27,000925SZ,8.08,8.05,8.17,8.05,7109,5748161.0,1.48,-0.49,-0.04,0.24
2662,2012-07-30,000925SZ,8.05,7.66,8.1,7.62,9159,7192135.0,5.96,-4.84,-0.39,0.3
2663,2012-07-31,000925SZ,7.7,7.89,7.93,7.62,7830,6050233.0,4.05,3.0,0.23,0.26
2664,2012-08-01,000925SZ,7.98,8.13,8.3,7.98,22094,18132835.0,4.06,3.04,0.24,0.73
2665,2012-08-02,000925SZ,7.91,7.87,8.1,7.81,10275,8126506.0,3.57,-3.2,-0.26,0.34
2666,2012-08-03,000925SZ,7.87,8.01,8.02,7.8,10603,8396729.0,2.8,1.78,0.14,0.35
2667,2012-08-06,000925SZ,7.97,8.18,8.2,7.91,13578,10950688.0,3.62,2.12,0.17,0.45
2668,2012-08-07,000925SZ,8.18,8.2,8.23,8.12,10261,8392677.0,1.34,0.24,0.02,0.34
2669,2012-08-08,000925SZ,8.21,8.19,8.31,8.12,10748,8826483.0,2.32,-0.12,-0.01,0.36
2670,2012-08-09,000925SZ,8.15,8.23,8.26,8.11,13408,10983868.0,1.83,0.49,0.04,0.44
2671,2012-08-10,000925SZ,8.23,8.57,8.65,8.08,26026,21631714.0,6.93,4.13,0.34,0.86
2672,2012-08-13,000925SZ,8.49,8.2,8.49,8.16,17423,14493844.0,3.85,-4.32,-0.37,0.58
2673,2012-08-14,000925SZ,8.12,8.23,8.27,7.96,11553,9383155.0,3.78,0.37,0.03,0.38
2674,2012-08-15,000925SZ,8.23,8.02,8.23,8.0,9204,7446556.0,2.79,-2.55,-0.21,0.31
2675,2012-08-16,000925SZ,7.96,7.96,8.06,7.95,5011,4010504.0,1.37,-0.75,-0.06,0.17
2676,2012-08-17,000925SZ,8.03,7.97,8.03,7.83,5422,4303936.0,2.51,0.13,0.01,0.18
2677,2012-08-20,000925SZ,7.72,7.89,7.94,7.72,5860,4593800.0,2.76,-1.0,-0.08,0.19
2678,2012-08-21,000925SZ,7.89,8.02,8.05,7.8,5643,4505066.0,3.17,1.65,0.13,0.19
2679,2012-08-22,000925SZ,8.05,7.94,8.19,7.93,8419,6777683.0,3.24,-1.0,-0.08,0.28
2680,2012-08-23,000925SZ,7.93,8.06,8.1,7.89,8559,6874930.0,2.64,1.51,0.12,0.28
2681,2012-08-24,000925SZ,8.06,7.84,8.06,7.81,8192,6477199.0,3.1,-2.73,-0.22,0.27
2682,2012-08-27,000925SZ,7.84,7.85,8.12,7.65,14147,11212757.0,5.99,0.13,0.01,0.47
2683,2012-08-28,000925SZ,7.86,7.9,7.98,7.75,7569,5947566.0,2.93,0.64,0.05,0.25
2684,2012-08-29,000925SZ,7.82,7.9,7.99,7.79,10131,7981367.0,2.53,0.0,0.0,0.34
2685,2012-08-30,000925SZ,7.88,7.73,7.99,7.58,9989,7747463.0,5.19,-2.15,-0.17,0.33
2686,2012-08-31,000925SZ,7.72,7.7,7.76,7.6,4784,3673232.0,2.07,-0.39,-0.03,0.16
2687,2012-09-03,000925SZ,7.65,7.75,7.81,7.59,8013,6218790.0,2.86,0.65,0.05,0.27
2688,2012-09-04,000925SZ,7.8,7.68,7.81,7.66,5519,4266264.0,1.94,-0.9,-0.07,0.18
2689,2012-09-05,000925SZ,7.7,8.11,8.3,7.57,30552,24529480.0,9.51,5.6,0.43,1.01
2690,2012-09-06,000925SZ,8.92,8.92,8.92,8.92,30314,27040382.0,0.0,9.99,0.81,1.01
2691,2012-09-07,000925SZ,9.81,9.59,9.81,9.32,239705,229544437.0,5.49,7.51,0.67,7.95
2692,2012-09-10,000925SZ,9.47,9.89,10.4,9.37,208377,206711165.0,10.74,3.13,0.3,6.92
2693,2012-09-11,000925SZ,9.68,9.66,9.85,9.46,76792,73746186.0,3.94,-2.33,-0.23,2.55
2694,2012-09-12,000925SZ,9.74,9.39,9.74,9.27,81295,76823188.0,4.87,-2.8,-0.27,2.7
2695,2012-09-13,000925SZ,9.4,9.0,9.43,8.97,78059,71699440.0,4.9,-4.15,-0.39,2.59
2696,2012-09-14,000925SZ,9.04,9.19,9.4,8.91,83409,76626056.0,5.44,2.11,0.19,2.77
2697,2012-09-17,000925SZ,9.11,8.73,9.11,8.7,50947,45012507.0,4.46,-5.01,-0.46,1.69
2698,2012-09-18,000925SZ,8.75,8.78,8.85,8.65,26249,22975666.0,2.29,0.57,0.05,0.87
2699,2012-09-19,000925SZ,8.84,8.83,8.92,8.72,24722,21785576.0,2.28,0.57,0.05,0.82
2700,2012-09-20,000925SZ,8.82,8.45,8.84,8.41,31223,26757604.0,4.87,-4.3,-0.38,1.04
2701,2012-09-21,000925SZ,8.48,8.24,8.54,8.1,38470,31904019.0,5.21,-2.49,-0.21,1.28
2702,2012-09-24,000925SZ,8.17,8.44,8.55,8.02,28942,24124346.0,6.43,2.43,0.2,0.96
2703,2012-09-25,000925SZ,8.3,8.2,8.39,8.15,24958,20601866.0,2.84,-2.84,-0.24,0.83
2704,2012-09-26,000925SZ,8.18,7.99,8.24,7.88,19647,15771477.0,4.39,-2.56,-0.21,0.65
2705,2012-09-27,000925SZ,7.89,8.1,8.25,7.82,26371,21352969.0,5.38,1.38,0.11,0.88
2706,2012-09-28,000925SZ,8.1,8.3,8.33,8.05,25732,21069726.0,3.46,2.47,0.2,0.85
2707,2012-10-08,000925SZ,8.26,8.21,8.32,8.15,11731,9641636.0,2.05,-1.08,-0.09,0.39
2708,2012-10-09,000925SZ,8.21,8.63,8.7,8.21,59811,51180256.0,5.97,5.12,0.42,1.98
2709,2012-10-10,000925SZ,8.63,8.75,8.99,8.51,61515,53850639.0,5.56,1.39,0.12,2.04
2710,2012-10-11,000925SZ,8.8,8.54,8.8,8.36,59378,50577595.0,5.03,-2.4,-0.21,1.97
2711,2012-10-12,000925SZ,8.46,8.38,8.58,8.33,26632,22400415.0,2.93,-1.87,-0.16,0.88
2712,2012-10-15,000925SZ,8.4,8.15,8.4,8.07,21379,17464954.0,3.94,-2.74,-0.23,0.71
2713,2012-10-16,000925SZ,8.16,8.17,8.28,8.1,13309,10902430.0,2.21,0.25,0.02,0.44
2714,2012-10-17,000925SZ,8.22,8.29,8.32,8.15,18729,15460553.0,2.08,1.47,0.12,0.62
2715,2012-10-18,000925SZ,8.29,8.42,8.48,8.29,22735,19082069.0,2.29,1.57,0.13,0.75
2716,2012-10-19,000925SZ,8.44,8.41,8.45,8.31,13955,11672675.0,1.66,-0.12,-0.01,0.46
2717,2012-10-22,000925SZ,8.35,8.47,8.5,8.32,20761,17539072.0,2.14,0.71,0.06,0.69
2718,2012-10-23,000925SZ,8.49,8.47,8.74,8.44,27736,23759477.0,3.54,0.0,0.0,0.92
2719,2012-10-24,000925SZ,8.4,8.53,8.58,8.28,26946,22696617.0,3.54,0.71,0.06,0.89
2720,2012-10-25,000925SZ,8.45,8.39,8.51,8.34,14085,11847560.0,1.99,-1.64,-0.14,0.47
2721,2012-10-26,000925SZ,8.36,8.14,8.36,7.99,28235,22893478.0,4.41,-2.98,-0.25,0.94
2722,2012-10-29,000925SZ,8.07,7.99,8.13,7.96,13686,11007275.0,2.09,-1.84,-0.15,0.45
2723,2012-10-30,000925SZ,7.92,7.95,8.09,7.89,17774,14150985.0,2.5,-0.5,-0.04,0.59
2724,2012-10-31,000925SZ,7.95,7.95,8.11,7.91,12995,10390491.0,2.52,0.0,0.0,0.43
2725,2012-11-01,000925SZ,7.98,8.08,8.15,7.96,15180,12263079.0,2.39,1.64,0.13,0.5
2726,2012-11-02,000925SZ,8.08,8.23,8.24,8.03,24326,19846247.0,2.6,1.86,0.15,0.81
2727,2012-11-05,000925SZ,8.2,8.35,8.35,8.18,30846,25503374.0,2.07,1.46,0.12,1.02
2728,2012-11-06,000925SZ,8.28,8.44,8.67,8.18,44451,37288026.0,5.87,1.08,0.09,1.48
2729,2012-11-07,000925SZ,8.33,8.38,8.5,8.24,24731,20777841.0,3.08,-0.71,-0.06,0.82
2730,2012-11-08,000925SZ,8.32,8.17,8.57,8.1,36683,30717408.0,5.61,-2.51,-0.21,1.22
2731,2012-11-09,000925SZ,8.3,8.4,8.69,8.22,54847,46299547.0,5.75,2.82,0.23,1.82
2732,2012-11-12,000925SZ,8.36,8.61,8.71,8.32,59728,51264570.0,4.64,2.5,0.21,1.98
2733,2012-11-13,000925SZ,8.58,8.24,8.58,8.2,32670,27298760.0,4.41,-4.3,-0.37,1.08
2734,2012-11-14,000925SZ,8.24,8.63,8.66,7.95,47910,39308845.0,8.62,4.73,0.39,1.59
2735,2012-11-15,000925SZ,8.52,8.4,8.66,8.31,30868,26258643.0,4.06,-2.67,-0.23,1.02
2736,2012-11-16,000925SZ,8.7,8.61,9.1,8.44,49170,42310165.0,7.86,2.5,0.21,1.63
2737,2012-11-19,000925SZ,8.4,8.52,8.57,8.3,29134,24666209.0,3.14,-1.05,-0.09,0.97
2738,2012-11-20,000925SZ,8.52,8.4,8.58,8.34,18758,15851005.0,2.82,-1.41,-0.12,0.62
2739,2012-11-21,000925SZ,8.43,8.36,8.47,8.14,21660,18031748.0,3.93,-0.48,-0.04,0.72
2740,2012-11-22,000925SZ,8.34,8.28,8.35,8.21,11766,9732797.0,1.67,-0.96,-0.08,0.39
2741,2012-11-23,000925SZ,8.3,8.28,8.44,8.25,10684,8924070.0,2.29,0.0,0.0,0.35
2742,2012-11-26,000925SZ,8.3,8.27,8.36,8.1,15391,12637660.0,3.14,-0.12,-0.01,0.51
2743,2012-11-27,000925SZ,8.34,8.09,8.41,8.08,18848,15462401.0,3.99,-2.18,-0.18,0.63
2744,2012-11-28,000925SZ,7.97,7.48,7.97,7.46,26779,20398017.0,6.3,-7.54,-0.61,0.89
2745,2012-11-29,000925SZ,7.47,7.47,7.57,7.14,34461,25335609.0,5.75,-0.13,-0.01,1.14
2746,2012-11-30,000925SZ,7.32,7.56,7.62,7.3,16849,12637148.0,4.28,1.2,0.09,0.56
2747,2012-12-03,000925SZ,7.47,7.47,7.58,7.44,9991,7495553.0,1.85,-1.19,-0.09,0.33
2748,2012-12-04,000925SZ,7.47,7.51,7.58,7.2,11274,8277625.0,5.09,0.54,0.04,0.37
2749,2012-12-05,000925SZ,7.47,8.02,8.07,7.45,23520,18401036.0,8.26,6.79,0.51,0.78
2750,2012-12-06,000925SZ,8.02,7.92,8.02,7.76,20590,16217607.0,3.24,-1.25,-0.1,0.68
2751,2012-12-07,000925SZ,7.87,8.04,8.1,7.84,28001,22311462.0,3.28,1.52,0.12,0.93
2752,2012-12-10,000925SZ,8.04,8.15,8.17,7.99,24651,19948720.0,2.24,1.37,0.11,0.82
2753,2012-12-11,000925SZ,8.1,8.03,8.19,8.0,27097,21907855.0,2.33,-1.47,-0.12,0.9
2754,2012-12-12,000925SZ,8.04,7.89,8.08,7.85,24756,19613077.0,2.86,-1.74,-0.14,0.82
2755,2012-12-13,000925SZ,7.84,7.77,7.96,7.7,15066,11816374.0,3.3,-1.52,-0.12,0.5
2756,2012-12-14,000925SZ,7.72,8.15,8.2,7.7,33140,26579697.0,6.44,4.89,0.38,1.1
2757,2012-12-17,000925SZ,8.22,8.47,8.83,8.11,49216,41379436.0,8.83,3.93,0.32,1.63
2758,2012-12-18,000925SZ,8.46,8.62,8.69,8.23,37779,32106423.0,5.43,1.77,0.15,1.25
2759,2012-12-19,000925SZ,8.59,8.58,8.66,8.52,18887,16220077.0,1.62,-0.46,-0.04,0.63
2760,2012-12-20,000925SZ,8.53,8.53,8.59,8.35,21870,18553244.0,2.8,-0.58,-0.05,0.73
2761,2012-12-21,000925SZ,8.51,8.48,8.57,8.36,17900,15169290.0,2.46,-0.59,-0.05,0.59
2762,2012-12-24,000925SZ,8.4,8.45,8.56,8.35,13264,11192629.0,2.48,-0.35,-0.03,0.44
2763,2012-12-25,000925SZ,8.45,8.6,8.67,8.3,27389,23372761.0,4.38,1.78,0.15,0.91
2764,2012-12-26,000925SZ,8.6,8.68,8.76,8.56,29294,25385422.0,2.33,0.93,0.08,0.97
2765,2012-12-27,000925SZ,8.65,8.71,8.84,8.57,39601,34604009.0,3.11,0.35,0.03,1.31
2766,2012-12-28,000925SZ,8.71,8.87,8.96,8.61,32220,28549206.0,4.02,1.84,0.16,1.07
2767,2012-12-31,000925SZ,8.81,8.87,9.09,8.68,34984,30830013.0,4.62,0.0,0.0,1.16
2768,2013-01-04,000925SZ,8.87,8.7,9.11,8.55,26140,22884926.0,6.31,-1.92,-0.17,0.87
2769,2013-01-07,000925SZ,8.61,8.83,8.84,8.59,25043,21790300.0,2.87,1.49,0.13,0.83
2770,2013-01-08,000925SZ,8.8,8.89,8.93,8.71,26409,23356268.0,2.49,0.68,0.06,0.88
2771,2013-01-09,000925SZ,8.8,8.85,8.96,8.69,31196,27487436.0,3.04,-0.45,-0.04,1.04
2772,2013-01-10,000925SZ,8.86,8.82,8.93,8.75,17302,15300649.0,2.03,-0.34,-0.03,0.57
2773,2013-01-11,000925SZ,8.82,8.61,8.86,8.58,17749,15489362.0,3.17,-2.38,-0.21,0.59
2774,2013-01-14,000925SZ,8.73,9.02,9.09,8.52,56244,49960463.0,6.62,4.76,0.41,1.87
2775,2013-01-15,000925SZ,9.03,9.32,9.48,9.0,72068,66884832.0,5.32,3.33,0.3,2.39
2776,2013-01-16,000925SZ,9.32,9.04,9.35,8.89,54749,49706129.0,4.94,-3.0,-0.28,1.82
2777,2013-01-17,000925SZ,9.06,8.87,9.06,8.81,25449,22734869.0,2.77,-1.88,-0.17,0.84
2778,2013-01-18,000925SZ,8.9,8.88,9.04,8.84,30272,27005584.0,2.25,0.11,0.01,1.0
2779,2013-01-21,000925SZ,8.92,9.04,9.18,8.91,35278,31885735.0,3.04,1.8,0.16,1.17
2780,2013-01-22,000925SZ,9.05,8.75,9.13,8.73,32458,28963084.0,4.42,-3.21,-0.29,1.08
2781,2013-01-23,000925SZ,8.68,8.66,8.8,8.45,29424,25388502.0,4.0,-1.03,-0.09,0.98
2782,2013-01-24,000925SZ,8.66,8.41,8.78,8.33,28818,24648706.0,5.2,-2.89,-0.25,0.96
2783,2013-01-25,000925SZ,8.39,8.48,8.5,8.38,12797,10796248.0,1.43,0.83,0.07,0.42
2784,2013-01-28,000925SZ,8.5,8.8,8.83,8.49,36454,31588447.0,4.01,3.77,0.32,1.21
2785,2013-01-29,000925SZ,8.78,8.9,8.97,8.76,30452,27042099.0,2.39,1.14,0.1,1.01
2786,2013-01-30,000925SZ,8.92,8.94,9.05,8.82,30649,27354990.0,2.58,0.45,0.04,1.02
2787,2013-01-31,000925SZ,8.93,9.19,9.29,8.9,71014,65220049.0,4.36,2.8,0.25,2.36
2788,2013-02-01,000925SZ,9.13,9.2,9.35,9.09,49265,45293410.0,2.83,0.11,0.01,1.63
2789,2013-02-04,000925SZ,9.35,9.25,9.38,9.12,38322,35299454.0,2.83,0.54,0.05,1.27
2790,2013-02-05,000925SZ,9.31,9.22,9.35,9.14,39425,36467186.0,2.27,-0.32,-0.03,1.31
2791,2013-02-06,000925SZ,9.21,9.14,9.27,9.07,27350,25040709.0,2.17,-0.87,-0.08,0.91
2792,2013-02-07,000925SZ,9.13,9.23,9.26,9.05,28983,26566924.0,2.3,0.98,0.09,0.96
2793,2013-02-08,000925SZ,9.25,9.59,9.65,9.18,46319,43784832.0,5.09,3.9,0.36,1.54
2794,2013-02-18,000925SZ,9.58,9.95,10.43,9.58,85557,85973469.0,8.86,3.75,0.36,2.84
2795,2013-02-19,000925SZ,9.94,10.06,10.33,9.88,86645,87926980.0,4.52,1.11,0.11,2.88
2796,2013-02-20,000925SZ,9.98,10.58,10.62,9.88,93923,98134458.0,7.36,5.17,0.52,3.12
2797,2013-02-21,000925SZ,10.49,10.4,10.85,10.16,79713,83512245.0,6.52,-1.7,-0.18,2.65
2798,2013-02-22,000925SZ,10.3,10.51,10.53,10.21,48380,50314776.0,3.08,1.06,0.11,1.61
2799,2013-02-25,000925SZ,10.31,10.94,11.1,10.31,66961,73104985.0,7.52,4.09,0.43,2.22
2800,2013-02-26,000925SZ,10.9,10.83,11.1,10.63,64408,69740727.0,4.3,-1.01,-0.11,2.14
2801,2013-02-27,000925SZ,10.76,10.7,10.99,10.66,47935,51871060.0,3.05,-1.2,-0.13,1.59
2802,2013-02-28,000925SZ,10.66,10.76,10.88,10.49,42726,45613436.0,3.64,0.56,0.06,1.42
2803,2013-03-01,000925SZ,10.76,11.57,11.7,10.75,98853,111079272.0,8.83,7.53,0.81,3.28
2804,2013-03-04,000925SZ,11.31,11.26,11.95,11.1,91653,105170717.0,7.35,-2.68,-0.31,3.04
2805,2013-03-05,000925SZ,11.26,11.43,11.48,10.92,47193,53074456.0,4.97,1.51,0.17,1.57
2806,2013-03-06,000925SZ,11.32,11.32,11.56,11.15,57852,65501449.0,3.59,-0.96,-0.11,1.92
2807,2013-03-07,000925SZ,11.22,10.68,11.55,10.6,80805,88285243.0,8.39,-5.65,-0.64,2.68
2808,2013-03-08,000925SZ,10.65,10.6,10.87,10.51,38842,41503533.0,3.37,-0.75,-0.08,1.29
2809,2013-03-11,000925SZ,10.57,10.61,10.92,10.51,25537,27389408.0,3.87,0.09,0.01,0.85
2810,2013-03-12,000925SZ,10.61,10.1,10.73,9.94,50453,51553026.0,7.45,-4.81,-0.51,1.67
2811,2013-03-13,000925SZ,10.09,9.9,10.13,9.73,30049,29693704.0,3.96,-1.98,-0.2,1.0
2812,2013-03-14,000925SZ,9.87,9.87,10.15,9.83,62052,61757538.0,3.23,-0.3,-0.03,2.06
2813,2013-03-15,000925SZ,9.83,9.87,10.08,9.68,33605,33327025.0,4.05,0.0,0.0,1.12
2814,2013-03-18,000925SZ,9.75,10.13,10.13,9.75,34767,34856672.0,3.85,2.63,0.26,1.15
2815,2013-03-19,000925SZ,10.04,10.2,10.25,9.9,24268,24414134.0,3.46,0.69,0.07,0.81
2816,2013-03-20,000925SZ,10.3,10.46,10.54,10.23,50062,52111213.0,3.04,2.55,0.26,1.66
2817,2013-03-21,000925SZ,10.37,10.58,10.75,10.36,40542,42790278.0,3.73,1.15,0.12,1.35
2818,2013-03-22,000925SZ,10.55,10.5,10.62,10.39,28925,30304191.0,2.17,-0.76,-0.08,0.96
2819,2013-03-25,000925SZ,10.49,10.08,10.5,10.05,46410,47344746.0,4.29,-4.0,-0.42,1.54
2820,2013-03-26,000925SZ,10.08,9.9,10.13,9.76,39421,38922257.0,3.67,-1.79,-0.18,1.31
2821,2013-03-27,000925SZ,9.91,10.06,10.2,9.91,26565,26585469.0,2.93,1.62,0.16,0.88
2822,2013-03-28,000925SZ,10.0,9.76,10.0,9.6,29259,28555159.0,3.98,-2.98,-0.3,0.97
2823,2013-03-29,000925SZ,9.8,9.82,9.85,9.68,13869,13562987.0,1.74,0.61,0.06,0.46
2824,2013-04-01,000925SZ,9.82,10.05,10.06,9.74,20785,20696964.0,3.26,2.34,0.23,0.69
2825,2013-04-02,000925SZ,10.05,9.9,10.05,9.74,26822,26562202.0,3.08,-1.49,-0.15,0.89
2826,2013-04-03,000925SZ,9.92,9.53,9.92,9.52,23640,22910117.0,4.04,-3.74,-0.37,0.78
2827,2013-04-08,000925SZ,9.42,9.37,9.43,9.18,17948,16643035.0,2.62,-1.68,-0.16,0.6
2828,2013-04-09,000925SZ,9.28,9.42,9.54,9.28,15813,14869622.0,2.77,0.53,0.05,0.52
2829,2013-04-10,000925SZ,9.44,9.43,9.53,9.28,14115,13253277.0,2.65,0.11,0.01,0.47
2830,2013-04-11,000925SZ,9.48,9.3,9.51,9.3,11693,10994882.0,2.23,-1.38,-0.13,0.39
2831,2013-04-12,000925SZ,9.3,9.35,9.47,9.15,26170,24464899.0,3.44,0.54,0.05,0.87
2832,2013-04-15,000925SZ,9.43,8.8,9.43,8.72,39296,35506446.0,7.59,-5.88,-0.55,1.3
2833,2013-04-16,000925SZ,8.7,8.67,8.77,8.43,23720,20393740.0,3.86,-1.48,-0.13,0.79
2834,2013-04-17,000925SZ,8.68,8.75,8.79,8.63,14220,12396032.0,1.85,0.92,0.08,0.47
2835,2013-04-18,000925SZ,8.79,8.92,8.96,8.45,16872,14939905.0,5.83,1.94,0.17,0.56
2836,2013-04-19,000925SZ,8.79,9.05,9.06,8.79,25322,22708918.0,3.03,1.46,0.13,0.84
2837,2013-04-22,000925SZ,9.07,8.97,9.24,8.94,18808,16999433.0,3.31,-0.88,-0.08,0.62
2838,2013-04-23,000925SZ,9.02,8.63,9.02,8.58,19425,16909650.0,4.91,-3.79,-0.34,0.64
2839,2013-04-24,000925SZ,8.73,8.79,8.85,8.66,15994,14056902.0,2.2,1.85,0.16,0.53
2840,2013-04-25,000925SZ,8.75,8.45,8.76,8.43,24994,21406074.0,3.75,-3.87,-0.34,0.83
2841,2013-04-26,000925SZ,8.46,8.39,8.53,8.38,8012,6772256.0,1.78,-0.71,-0.06,0.27
2842,2013-05-02,000925SZ,8.39,8.95,8.96,8.31,34535,30428525.0,7.75,6.67,0.56,1.15
2843,2013-05-03,000925SZ,8.99,8.99,9.13,8.91,26052,23500406.0,2.46,0.45,0.04,0.86
2844,2013-05-06,000925SZ,8.99,9.24,9.28,8.9,41006,37265289.0,4.23,2.78,0.25,1.36
2845,2013-05-07,000925SZ,9.24,9.51,9.57,9.13,46021,43029444.0,4.76,2.92,0.27,1.53
2846,2013-05-08,000925SZ,9.5,9.53,9.67,9.36,33354,31714935.0,3.26,0.21,0.02,1.11
2847,2013-05-09,000925SZ,9.5,9.61,9.75,9.39,30667,29391253.0,3.78,0.84,0.08,1.02
2848,2013-05-10,000925SZ,9.61,9.71,9.84,9.52,37932,36870444.0,3.33,1.04,0.1,1.26
2849,2013-05-13,000925SZ,9.78,9.72,9.79,9.62,28662,27725331.0,1.75,0.1,0.01,0.95
2850,2013-05-14,000925SZ,9.7,9.57,9.7,9.39,29947,28373205.0,3.19,-1.54,-0.15,0.99
2851,2013-05-15,000925SZ,9.64,9.73,9.75,9.52,17656,17047746.0,2.4,1.67,0.16,0.59
2852,2013-05-16,000925SZ,9.68,10.13,10.29,9.65,48568,48909704.0,6.58,4.11,0.4,1.61
2853,2013-05-17,000925SZ,10.12,10.19,10.22,9.97,24404,24721729.0,2.47,0.59,0.06,0.81
2854,2013-05-20,000925SZ,10.25,10.4,10.56,10.25,47390,49269328.0,3.04,2.06,0.21,1.57
2855,2013-05-21,000925SZ,10.37,10.56,10.56,10.2,49528,51564658.0,3.46,1.54,0.16,1.64
2856,2013-05-22,000925SZ,10.5,10.32,10.61,10.3,38396,39917836.0,2.94,-2.27,-0.24,1.27
2857,2013-05-23,000925SZ,10.32,10.39,10.58,10.3,43328,45273513.0,2.71,0.68,0.07,1.44
2858,2013-05-24,000925SZ,10.2,10.66,10.66,10.2,36385,38061089.0,4.43,2.6,0.27,1.21
2859,2013-05-27,000925SZ,10.66,10.67,10.73,10.55,29521,31405519.0,1.69,0.09,0.01,0.98
2860,2013-05-28,000925SZ,10.68,10.79,10.87,10.55,36513,39071318.0,3.0,1.12,0.12,1.21
2861,2013-05-29,000925SZ,10.85,10.7,10.86,10.68,16083,17286724.0,1.67,-0.83,-0.09,0.53
2862,2013-05-30,000925SZ,10.71,10.31,10.75,10.22,34612,36035494.0,4.95,-3.64,-0.39,1.15
2863,2013-05-31,000925SZ,10.31,10.41,10.65,10.21,31452,32717867.0,4.27,0.97,0.1,1.04
2864,2013-06-03,000925SZ,10.41,10.23,10.5,10.23,17955,18632021.0,2.59,-1.73,-0.18,0.6
2865,2013-06-04,000925SZ,10.28,9.99,10.28,9.8,40326,40293034.0,4.69,-2.35,-0.24,1.34
2866,2013-06-05,000925SZ,10.01,10.03,10.12,9.85,17115,17098389.0,2.7,0.4,0.04,0.57
2867,2013-06-06,000925SZ,10.01,9.78,10.05,9.75,32227,31670482.0,2.99,-2.49,-0.25,1.07
2868,2013-06-07,000925SZ,9.77,9.6,9.89,9.5,19643,18994179.0,3.99,-1.84,-0.18,0.65
2869,2013-06-13,000925SZ,9.5,9.3,9.5,9.16,27699,25655438.0,3.54,-3.13,-0.3,0.92
2870,2013-06-14,000925SZ,9.4,9.36,9.41,9.23,12238,11413006.0,1.94,0.65,0.06,0.41
2871,2013-06-17,000925SZ,9.35,9.14,9.45,9.05,23541,21698472.0,4.27,-2.35,-0.22,0.78
2872,2013-06-18,000925SZ,9.19,9.22,9.27,9.09,13573,12471498.0,1.97,0.88,0.08,0.45
2873,2013-06-19,000925SZ,9.2,9.1,9.2,8.98,13690,12402283.0,2.39,-1.3,-0.12,0.45
2874,2013-06-20,000925SZ,9.0,8.86,9.16,8.7,12563,11326967.0,5.05,-2.64,-0.24,0.42
2875,2013-06-21,000925SZ,8.64,8.64,8.78,8.33,29587,25163590.0,5.08,-2.48,-0.22,0.98
2876,2013-06-24,000925SZ,8.55,8.28,9.1,8.21,32936,28004179.0,10.3,-4.17,-0.36,1.09
2877,2013-06-25,000925SZ,8.25,8.18,8.42,7.45,29001,22910685.0,11.71,-1.21,-0.1,0.96
2878,2013-06-26,000925SZ,8.31,8.14,8.31,8.0,32363,26286204.0,3.79,-0.49,-0.04,1.07
2879,2013-06-27,000925SZ,8.2,7.9,8.33,7.83,19260,15603319.0,6.14,-2.95,-0.24,0.64
2880,2013-06-28,000925SZ,7.9,7.94,8.15,7.53,13541,10780427.0,7.85,0.51,0.04,0.45
2881,2013-07-01,000925SZ,7.9,8.16,8.22,7.62,15201,12124585.0,7.56,2.77,0.22,0.5
2882,2013-07-02,000925SZ,8.16,8.25,8.28,8.06,12640,10365852.0,2.7,1.1,0.09,0.42
2883,2013-07-03,000925SZ,8.88,8.62,9.08,8.4,161256,142070171.0,8.24,4.48,0.37,5.35
2884,2013-07-04,000925SZ,8.35,8.39,8.57,8.22,103660,86637736.0,4.06,-2.67,-0.23,3.44
2885,2013-07-05,000925SZ,8.32,8.18,8.43,8.15,40910,33942885.0,3.34,-2.5,-0.21,1.36
2886,2013-07-08,000925SZ,8.05,7.82,8.05,7.82,39463,31317646.0,2.81,-4.4,-0.36,1.31
2887,2013-07-09,000925SZ,7.73,7.92,7.95,7.73,19421,15304089.0,2.81,1.28,0.1,0.64
2888,2013-07-10,000925SZ,7.96,8.3,8.35,7.91,25567,20984867.0,5.56,4.8,0.38,0.85
2889,2013-07-11,000925SZ,8.3,8.46,8.5,8.23,31528,26501157.0,3.25,1.93,0.16,1.05
2890,2013-07-12,000925SZ,8.36,8.47,8.65,8.36,34520,29482040.0,3.43,0.12,0.01,1.15
2891,2013-07-15,000925SZ,8.37,8.76,8.87,8.33,47734,41245259.0,6.38,3.42,0.29,1.58
2892,2013-07-16,000925SZ,8.7,8.88,8.97,8.53,37703,33115242.0,5.02,1.37,0.12,1.25
2893,2013-07-17,000925SZ,8.89,8.96,9.14,8.72,42341,37894178.0,4.73,0.9,0.08,1.41
2894,2013-07-18,000925SZ,9.08,8.73,9.08,8.7,26311,23148224.0,4.24,-2.57,-0.23,0.87
2895,2013-07-19,000925SZ,8.75,9.01,9.48,8.7,57901,52968062.0,8.93,3.21,0.28,1.92
2896,2013-07-22,000925SZ,8.95,9.38,9.43,8.82,33386,30961490.0,6.77,4.11,0.37,1.11
2897,2013-07-23,000925SZ,9.4,9.7,10.0,9.28,61656,60037309.0,7.68,3.41,0.32,2.05
2898,2013-07-24,000925SZ,9.75,9.98,10.02,9.6,53902,53448698.0,4.33,2.89,0.28,1.79
2899,2013-07-25,000925SZ,10.17,10.0,10.43,9.83,136064,138595101.0,6.01,0.2,0.02,4.52
2900,2013-07-26,000925SZ,10.01,9.99,10.07,9.71,41584,41048262.0,3.6,-0.1,-0.01,1.38
2901,2013-07-29,000925SZ,9.51,9.52,9.81,9.49,33858,32573969.0,3.2,-4.7,-0.47,1.12
2902,2013-07-30,000925SZ,9.49,9.61,9.64,9.26,29222,27845140.0,3.99,0.95,0.09,0.97
2903,2013-07-31,000925SZ,9.63,9.5,9.74,9.45,16571,15794172.0,3.02,-1.14,-0.11,0.55
2904,2013-08-01,000925SZ,9.69,9.66,9.7,9.46,33673,32352770.0,2.53,1.68,0.16,1.12
2905,2013-08-02,000925SZ,9.73,9.6,9.73,9.52,25783,24802373.0,2.17,-0.62,-0.06,0.86
2906,2013-08-05,000925SZ,9.61,9.82,9.88,9.54,25420,24571269.0,3.54,2.29,0.22,0.84
2907,2013-08-06,000925SZ,9.67,10.19,10.3,9.67,43467,43938243.0,6.42,3.77,0.37,1.44
2908,2013-08-07,000925SZ,10.19,10.09,10.38,10.03,33012,33568571.0,3.43,-0.98,-0.1,1.1
2909,2013-08-08,000925SZ,10.04,10.04,10.28,9.81,15792,15821834.0,4.66,-0.5,-0.05,0.52
2910,2013-08-09,000925SZ,9.95,9.96,10.17,9.82,11990,11915252.0,3.49,-0.8,-0.08,0.4
2911,2013-08-12,000925SZ,10.1,10.28,10.3,10.1,24194,24761466.0,2.01,3.21,0.32,0.8
2912,2013-08-13,000925SZ,10.36,10.58,10.75,10.28,34870,36579067.0,4.57,2.92,0.3,1.16
2913,2013-08-14,000925SZ,10.58,10.51,10.69,10.32,30828,32329210.0,3.5,-0.66,-0.07,1.02
2914,2013-08-15,000925SZ,10.45,10.04,10.49,10.0,25644,26179850.0,4.66,-4.47,-0.47,0.85
2915,2013-08-16,000925SZ,10.02,9.61,10.2,9.58,47102,46353856.0,6.18,-4.28,-0.43,1.56
2916,2013-08-19,000925SZ,9.5,9.89,10.2,9.43,38512,37560174.0,8.01,2.91,0.28,1.28
2917,2013-08-20,000925SZ,9.95,10.1,10.35,9.9,28109,28516845.0,4.55,2.12,0.21,0.93
2918,2013-08-21,000925SZ,10.11,10.04,10.18,9.91,14445,14468603.0,2.67,-0.59,-0.06,0.48
2919,2013-08-22,000925SZ,10.05,10.02,10.09,9.97,13253,13296682.0,1.2,-0.2,-0.02,0.44
2920,2013-08-23,000925SZ,10.19,10.01,10.28,9.83,25834,26145095.0,4.49,-0.1,-0.01,0.86
2921,2013-08-26,000925SZ,10.01,10.21,10.24,9.93,23291,23493153.0,3.1,2.0,0.2,0.77
2922,2013-08-27,000925SZ,10.15,10.12,10.19,10.06,13287,13423855.0,1.27,-0.88,-0.09,0.44
2923,2013-08-28,000925SZ,10.1,9.95,10.1,9.87,20850,20781926.0,2.27,-1.68,-0.17,0.69
2924,2013-08-29,000925SZ,9.86,9.7,9.98,9.66,21158,20701808.0,3.22,-2.51,-0.25,0.7
2925,2013-08-30,000925SZ,9.64,9.3,9.75,9.2,31858,30308682.0,5.67,-4.12,-0.4,1.06
2926,2013-09-02,000925SZ,9.3,9.84,9.87,9.22,26379,25352787.0,6.99,5.81,0.54,0.88
2927,2013-09-03,000925SZ,9.8,10.26,10.32,9.73,51446,52038085.0,6.0,4.27,0.42,1.71
2928,2013-09-04,000925SZ,10.18,10.47,10.55,10.15,38366,39865258.0,3.9,2.05,0.21,1.27
2929,2013-09-05,000925SZ,10.47,10.62,11.0,10.47,62765,67489282.0,5.06,1.43,0.15,2.08
2930,2013-09-06,000925SZ,10.78,10.66,10.79,10.4,36019,38267696.0,3.67,0.38,0.04,1.2
2931,2013-09-09,000925SZ,10.76,10.8,10.99,10.51,62413,67385991.0,4.5,1.31,0.14,2.07
2932,2013-09-10,000925SZ,10.8,10.99,11.05,10.73,46352,50751721.0,2.96,1.76,0.19,1.54
2933,2013-09-11,000925SZ,10.81,10.94,11.01,10.55,44473,48221322.0,4.19,-0.45,-0.05,1.48
2934,2013-09-12,000925SZ,10.83,10.79,11.03,10.65,54428,58966762.0,3.47,-1.37,-0.15,1.81
2935,2013-09-13,000925SZ,10.9,10.68,10.95,10.67,50989,54863190.0,2.59,-1.02,-0.11,1.69
2936,2013-09-16,000925SZ,10.68,10.57,10.79,10.51,25741,27346873.0,2.62,-1.03,-0.11,0.85
2937,2013-09-17,000925SZ,10.64,10.9,10.91,10.51,40159,43256818.0,3.78,3.12,0.33,1.33
2938,2013-09-18,000925SZ,10.9,10.76,11.02,10.65,24898,26831803.0,3.39,-1.28,-0.14,0.83
2939,2013-09-23,000925SZ,10.82,10.87,11.0,10.7,29782,32214422.0,2.79,1.02,0.11,0.99
2940,2013-09-24,000925SZ,10.87,11.49,11.77,10.82,86216,98287458.0,8.74,5.7,0.62,2.86
2941,2013-09-25,000925SZ,11.5,11.18,11.71,11.12,65820,75087626.0,5.13,-2.7,-0.31,2.18
2942,2013-09-26,000925SZ,11.07,10.77,11.09,10.75,46874,51101532.0,3.04,-3.67,-0.41,1.56
2943,2013-09-27,000925SZ,10.78,10.78,11.0,10.66,20900,22594905.0,3.16,0.09,0.01,0.69
2944,2013-09-30,000925SZ,10.29,10.91,11.18,10.29,34894,37620876.0,8.26,1.21,0.13,1.16
2945,2013-10-08,000925SZ,10.95,11.3,11.32,10.82,30582,33841751.0,4.58,3.57,0.39,1.01
2946,2013-10-09,000925SZ,11.17,11.6,11.63,11.17,34576,39681324.0,4.07,2.65,0.3,1.15
2947,2013-10-10,000925SZ,11.51,11.51,11.83,11.35,32755,37810129.0,4.14,-0.78,-0.09,1.09
2948,2013-10-11,000925SZ,11.6,11.63,11.77,11.51,31530,36746041.0,2.26,1.04,0.12,1.05
2949,2013-10-14,000925SZ,11.77,12.35,12.69,11.59,70815,87115672.0,9.46,6.19,0.72,2.35
2950,2013-10-15,000925SZ,12.15,11.89,12.34,11.7,67924,81536327.0,5.18,-3.72,-0.46,2.25
2951,2013-10-16,000925SZ,11.8,11.76,12.2,11.68,47161,56145825.0,4.37,-1.09,-0.13,1.57
2952,2013-10-17,000925SZ,11.76,11.9,12.3,11.72,51011,61424278.0,4.93,1.19,0.14,1.69
2953,2013-10-18,000925SZ,11.9,11.56,12.05,11.32,47183,54676060.0,6.13,-2.86,-0.34,1.57
2954,2013-10-21,000925SZ,11.64,12.01,12.16,11.45,49977,59480667.0,6.14,3.89,0.45,1.66
2955,2013-10-22,000925SZ,12.0,12.17,12.47,11.88,64741,78722412.0,4.91,1.33,0.16,2.15
2956,2013-10-23,000925SZ,12.0,11.76,12.17,11.65,40700,48259028.0,4.27,-3.37,-0.41,1.35
2957,2013-10-24,000925SZ,11.77,11.65,11.96,11.48,17262,20141834.0,4.08,-0.94,-0.11,0.57
2958,2013-10-25,000925SZ,11.68,11.23,11.84,11.08,34982,40105640.0,6.52,-3.61,-0.42,1.16
2959,2013-10-28,000925SZ,11.25,10.88,11.39,10.86,26551,29329772.0,4.72,-3.12,-0.35,0.88
2960,2013-10-29,000925SZ,10.88,10.78,11.06,10.15,42679,44843400.0,8.36,-0.92,-0.1,1.42
2961,2013-10-30,000925SZ,10.75,10.54,10.76,10.37,26662,28110750.0,3.62,-2.23,-0.24,0.88
2962,2013-10-31,000925SZ,10.54,10.53,10.61,10.32,20909,21809751.0,2.75,-0.09,-0.01,0.69
2963,2013-11-01,000925SZ,10.5,10.45,10.7,10.33,21620,22802253.0,3.51,-0.76,-0.08,0.72
2964,2013-11-04,000925SZ,10.53,10.55,10.86,10.48,25920,27603579.0,3.64,0.96,0.1,0.86
2965,2013-11-05,000925SZ,10.52,10.68,10.77,10.42,15005,15896444.0,3.32,1.23,0.13,0.5
2966,2013-11-06,000925SZ,10.7,10.68,10.95,10.68,20540,22187822.0,2.53,0.0,0.0,0.68
2967,2013-11-07,000925SZ,10.66,10.58,10.7,10.45,16920,17847879.0,2.34,-0.94,-0.1,0.56
2968,2013-11-08,000925SZ,10.54,10.01,10.54,9.9,29614,30059409.0,6.05,-5.39,-0.57,0.98
2969,2013-11-11,000925SZ,10.1,10.37,10.46,9.98,15506,15887292.0,4.8,3.6,0.36,0.51
2970,2013-11-12,000925SZ,10.39,10.59,10.65,10.25,12617,13195067.0,3.86,2.12,0.22,0.42
2971,2013-11-13,000925SZ,10.58,10.31,10.58,10.22,11045,11505208.0,3.4,-2.64,-0.28,0.37
2972,2013-11-14,000925SZ,10.28,10.43,10.5,10.25,10425,10834803.0,2.42,1.16,0.12,0.35
2973,2013-11-15,000925SZ,10.32,10.87,11.1,10.32,34651,37315120.0,7.48,4.22,0.44,1.15
2974,2013-11-18,000925SZ,10.81,11.05,11.14,10.79,50322,55226186.0,3.22,1.66,0.18,1.67
2975,2013-11-19,000925SZ,11.05,11.38,11.58,10.92,58012,65012506.0,5.97,2.99,0.33,1.93
2976,2013-11-20,000925SZ,11.4,11.41,11.5,11.1,32873,37156647.0,3.51,0.26,0.03,1.09
2977,2013-11-21,000925SZ,11.41,11.48,11.57,11.2,23714,26933822.0,3.24,0.61,0.07,0.79
2978,2013-11-22,000925SZ,11.47,11.3,11.68,11.25,18859,21448089.0,3.75,-1.57,-0.18,0.63
2979,2013-11-25,000925SZ,11.25,11.12,11.38,11.03,29402,32837884.0,3.1,-1.59,-0.18,0.98
2980,2013-11-26,000925SZ,11.16,11.18,11.21,11.04,16514,18397458.0,1.53,0.54,0.06,0.55
2981,2013-11-27,000925SZ,11.25,11.26,11.38,11.09,15037,16807658.0,2.59,0.72,0.08,0.5
2982,2013-11-28,000925SZ,11.26,11.26,11.5,11.25,24859,28243496.0,2.22,0.0,0.0,0.82
2983,2013-11-29,000925SZ,11.22,11.25,11.39,11.13,14502,16298502.0,2.31,-0.09,-0.01,0.48
2984,2013-12-02,000925SZ,11.15,10.63,11.15,10.36,33197,35683013.0,7.02,-5.51,-0.62,1.1
2985,2013-12-03,000925SZ,10.58,10.89,11.15,10.58,21091,22732509.0,5.36,2.45,0.26,0.7
2986,2013-12-04,000925SZ,10.81,11.24,11.38,10.75,35238,39363713.0,5.79,3.21,0.35,1.17
2987,2013-12-05,000925SZ,11.2,11.12,11.41,11.0,23820,26593545.0,3.65,-1.07,-0.12,0.79
2988,2013-12-06,000925SZ,11.15,10.99,11.3,10.8,22776,25097212.0,4.5,-1.17,-0.13,0.76
2989,2013-12-09,000925SZ,11.11,11.06,11.18,10.8,24626,26934506.0,3.46,0.64,0.07,0.82
2990,2013-12-10,000925SZ,10.95,11.5,11.56,10.95,54129,61372377.0,5.52,3.98,0.44,1.8
2991,2013-12-11,000925SZ,11.5,11.51,11.53,11.31,25354,28924887.0,1.91,0.09,0.01,0.84
2992,2013-12-12,000925SZ,11.45,11.61,11.77,11.45,30608,35461740.0,2.78,0.87,0.1,1.02
2993,2013-12-13,000925SZ,11.64,11.75,11.87,11.53,26111,30642423.0,2.93,1.21,0.14,0.87
2994,2013-12-16,000925SZ,11.8,11.55,11.8,11.46,20557,23736618.0,2.89,-1.7,-0.2,0.68
2995,2013-12-17,000925SZ,11.6,11.51,11.72,11.38,15369,17669394.0,2.94,-0.35,-0.04,0.51
2996,2013-12-18,000925SZ,11.52,11.6,11.64,11.43,10817,12471016.0,1.82,0.78,0.09,0.36
2997,2013-12-19,000925SZ,11.77,11.18,11.8,11.18,18238,20845550.0,5.34,-3.62,-0.42,0.61
2998,2013-12-20,000925SZ,11.17,11.74,11.8,10.9,40202,45670324.0,8.05,5.01,0.56,1.33
2999,2013-12-23,000925SZ,11.58,11.7,11.72,11.45,21820,25348485.0,2.3,-0.34,-0.04,0.72
3000,2013-12-24,000925SZ,11.8,11.72,11.8,11.6,16142,18864206.0,1.71,0.17,0.02,0.54
3001,2013-12-25,000925SZ,11.42,12.0,12.0,11.42,36054,42691222.0,4.95,2.39,0.28,1.2
3002,2013-12-26,000925SZ,12.0,11.46,12.0,11.28,41617,48421626.0,6.0,-4.5,-0.54,1.38
3003,2013-12-27,000925SZ,11.35,11.4,11.66,11.28,29166,33438385.0,3.32,-0.52,-0.06,0.97
3004,2013-12-30,000925SZ,11.47,11.23,11.5,11.03,45587,51046500.0,4.12,-1.49,-0.17,1.51
3005,2013-12-31,000925SZ,11.2,11.3,11.34,11.01,29373,32746723.0,2.94,0.62,0.07,0.97
3006,2014-01-02,000925SZ,10.3,10.34,10.9,10.18,96981,100998781.0,6.37,-8.5,-0.96,3.22
3007,2014-01-03,000925SZ,10.29,10.44,10.53,10.22,41256,42907696.0,3.0,0.97,0.1,1.37
3008,2014-01-06,000925SZ,10.34,10.29,10.42,10.1,20761,21238773.0,3.07,-1.44,-0.15,0.69
3009,2014-01-07,000925SZ,10.29,10.48,10.51,10.29,16719,17469628.0,2.14,1.85,0.19,0.55
3010,2014-01-08,000925SZ,10.52,10.35,10.52,10.11,19186,19856500.0,3.91,-1.24,-0.13,0.64
3011,2014-01-09,000925SZ,10.36,10.19,10.46,10.18,15738,16229160.0,2.71,-1.55,-0.16,0.52
3012,2014-01-10,000925SZ,10.2,10.15,10.28,10.11,9854,10044757.0,1.67,-0.39,-0.04,0.33
3013,2014-01-13,000925SZ,10.24,10.39,10.45,10.15,10273,10590852.0,2.96,2.36,0.24,0.34
3014,2014-01-14,000925SZ,10.39,10.45,10.55,10.32,11208,11687984.0,2.21,0.58,0.06,0.37
3015,2014-01-15,000925SZ,10.48,10.38,10.48,10.31,8564,8897106.0,1.63,-0.67,-0.07,0.28
3016,2014-01-16,000925SZ,10.36,10.5,10.51,10.25,15731,16352435.0,2.5,1.16,0.12,0.52
3017,2014-01-17,000925SZ,10.89,10.55,10.89,10.48,16111,17029856.0,3.9,0.48,0.05,0.53
3018,2014-01-20,000925SZ,10.55,10.46,10.64,10.32,11967,12522461.0,3.03,-0.85,-0.09,0.4
3019,2014-01-21,000925SZ,10.46,10.22,10.55,10.1,35883,36725958.0,4.3,-2.29,-0.24,1.19
3020,2014-01-23,000925SZ,10.1,11.04,11.24,10.05,75734,82478658.0,11.64,8.02,0.82,2.51
3021,2014-01-24,000925SZ,10.8,11.5,11.7,10.75,68563,78274234.0,8.61,4.17,0.46,2.28
3022,2014-01-27,000925SZ,11.5,11.55,11.84,11.35,26947,31231275.0,4.26,0.43,0.05,0.89
3023,2014-01-28,000925SZ,11.55,11.36,11.68,11.23,14612,16700528.0,3.9,-1.65,-0.19,0.48
3024,2014-01-29,000925SZ,11.47,11.78,11.9,11.36,25605,30092166.0,4.75,3.7,0.42,0.85
3025,2014-01-30,000925SZ,11.59,11.84,11.97,11.59,16879,20018606.0,3.23,0.51,0.06,0.56
3026,2014-02-07,000925SZ,11.81,11.93,12.09,11.38,24001,28522828.0,6.0,0.76,0.09,0.8
3027,2014-02-10,000925SZ,11.88,11.98,12.07,11.73,40622,48372435.0,2.85,0.42,0.05,1.35
3028,2014-02-11,000925SZ,11.98,12.16,12.59,11.91,57186,70334221.0,5.68,1.5,0.18,1.9
3029,2014-02-12,000925SZ,12.29,12.31,12.46,11.92,39490,48317628.0,4.44,1.23,0.15,1.31
3030,2014-02-13,000925SZ,12.4,12.13,12.4,12.07,23155,28154362.0,2.68,-1.46,-0.18,0.77
3031,2014-02-14,000925SZ,12.09,12.3,12.35,11.9,27026,32901228.0,3.71,1.4,0.17,0.9
3032,2014-02-17,000925SZ,12.31,12.36,12.5,12.09,40411,49795304.0,3.33,0.49,0.06,1.34
3033,2014-02-18,000925SZ,12.32,12.4,12.4,12.13,33495,41053937.0,2.18,0.32,0.04,1.11
3034,2014-02-19,000925SZ,12.4,13.5,13.54,12.33,68134,88859467.0,9.76,8.87,1.1,2.26
3035,2014-02-20,000925SZ,13.44,12.96,13.45,12.9,43762,57423021.0,4.07,-4.0,-0.54,1.45
3036,2014-02-21,000925SZ,12.91,13.05,13.5,12.65,42432,55308755.0,6.56,0.69,0.09,1.41
3037,2014-02-24,000925SZ,13.07,12.88,13.22,12.68,35602,45615334.0,4.14,-1.3,-0.17,1.18
3038,2014-02-25,000925SZ,12.95,12.74,13.38,12.6,55864,73072126.0,6.06,-1.09,-0.14,1.85
3039,2014-02-26,000925SZ,12.66,12.7,12.78,12.0,41989,51902756.0,6.12,-0.31,-0.04,1.39
3040,2014-02-27,000925SZ,12.7,12.09,12.89,12.01,36299,45057186.0,6.93,-4.8,-0.61,1.2
3041,2014-02-28,000925SZ,12.01,12.38,12.46,11.9,19718,23969101.0,4.63,2.4,0.29,0.65
3042,2014-03-03,000925SZ,12.38,12.95,13.17,12.2,34363,44046021.0,7.84,4.6,0.57,1.14
3043,2014-03-04,000925SZ,12.8,12.9,13.18,12.7,19725,25541145.0,3.71,-0.39,-0.05,0.65
3044,2014-03-05,000925SZ,12.89,12.75,13.16,12.7,13856,17849407.0,3.57,-1.16,-0.15,0.46
3045,2014-03-06,000925SZ,12.72,12.61,13.0,12.45,17076,21617796.0,4.31,-1.1,-0.14,0.57
3046,2014-03-07,000925SZ,12.61,12.33,12.8,12.2,21011,26101404.0,4.76,-2.22,-0.28,0.7
3047,2014-03-10,000925SZ,12.4,12.22,12.41,11.99,13949,17021011.0,3.41,-0.89,-0.11,0.46
3048,2014-03-11,000925SZ,12.11,12.19,12.37,11.98,14480,17645772.0,3.19,-0.25,-0.03,0.48
3049,2014-03-12,000925SZ,12.2,12.19,12.27,11.91,13017,15744218.0,2.95,0.0,0.0,0.43
3050,2014-03-13,000925SZ,12.27,12.35,12.48,12.25,9091,11236655.0,1.89,1.31,0.16,0.3
3051,2014-03-14,000925SZ,12.95,12.67,12.95,12.35,17980,22588193.0,4.86,2.59,0.32,0.6
3052,2014-03-17,000925SZ,12.58,13.14,13.2,12.58,29817,38894187.0,4.89,3.71,0.47,0.99
3053,2014-03-18,000925SZ,13.25,13.3,13.48,13.04,31772,42183351.0,3.35,1.22,0.16,1.05
3054,2014-03-19,000925SZ,13.39,13.14,13.4,12.89,25991,33960846.0,3.83,-1.2,-0.16,0.86
3055,2014-03-20,000925SZ,13.3,12.68,13.3,12.68,18076,23357517.0,4.72,-3.5,-0.46,0.6
3056,2014-03-21,000925SZ,12.67,12.77,12.84,12.4,19191,24246131.0,3.47,0.71,0.09,0.64
3057,2014-03-24,000925SZ,12.8,13.4,13.47,12.8,34853,45976830.0,5.25,4.93,0.63,1.16
3058,2014-03-25,000925SZ,13.48,13.3,13.5,13.19,15827,21034605.0,2.31,-0.75,-0.1,0.53
3059,2014-03-26,000925SZ,13.3,13.4,13.66,13.16,30927,41697167.0,3.76,0.75,0.1,1.03
3060,2014-08-22,000925SZ,14.74,14.74,14.74,14.6,129232,190471633.0,1.04,10.0,1.34,4.29
3061,2014-08-25,000925SZ,15.38,15.9,16.18,14.4,292166,447405040.0,12.08,7.87,1.16,9.7
3062,2014-08-26,000925SZ,15.47,15.5,15.9,14.9,153786,237986313.0,6.29,-2.52,-0.4,5.1
3063,2014-08-27,000925SZ,15.45,16.25,16.65,15.2,110118,176883163.0,9.35,4.84,0.75,3.65
3064,2014-08-28,000925SZ,15.9,15.44,16.18,15.2,78729,122758716.0,6.03,-4.98,-0.81,2.61
3065,2014-08-29,000925SZ,15.18,15.52,15.68,15.06,44207,68093400.0,4.02,0.52,0.08,1.47
3066,2014-09-01,000925SZ,15.44,16.38,16.5,15.29,105033,168739758.0,7.8,5.54,0.86,3.49
3067,2014-09-02,000925SZ,16.2,16.85,17.29,16.18,97952,165112595.0,6.78,2.87,0.47,3.25
3068,2014-09-03,000925SZ,16.92,16.99,17.43,16.6,109471,184821640.0,4.93,0.83,0.14,3.63
3069,2014-09-04,000925SZ,17.14,17.64,17.75,16.7,67008,116735078.0,6.18,3.83,0.65,2.22
3070,2014-09-05,000925SZ,17.5,18.3,19.28,17.4,113762,210763126.0,10.66,3.74,0.66,3.78
3071,2014-09-09,000925SZ,18.55,18.75,18.94,18.31,45869,85363028.0,3.44,2.46,0.45,1.52
3072,2014-09-10,000925SZ,19.0,19.38,19.98,18.75,54005,104412947.0,6.56,3.36,0.63,1.79
3073,2014-09-11,000925SZ,19.47,19.39,19.47,18.79,53590,102461860.0,3.51,0.05,0.01,1.78
3074,2014-09-12,000925SZ,19.28,19.11,19.5,18.8,44565,85213859.0,3.61,-1.44,-0.28,1.48
3075,2014-09-15,000925SZ,19.0,19.84,19.9,18.55,69222,133619306.0,7.06,3.82,0.73,2.3
3076,2014-09-16,000925SZ,19.75,18.62,20.18,18.58,68573,132898463.0,8.06,-6.15,-1.22,2.28
3077,2014-09-17,000925SZ,18.65,19.92,19.98,18.65,75160,145055603.0,7.14,6.98,1.3,2.49
3078,2014-09-18,000925SZ,19.86,19.85,20.49,19.84,38173,76804648.0,3.26,-0.35,-0.07,1.27
3079,2014-09-19,000925SZ,19.9,19.98,20.25,19.7,25415,50875836.0,2.77,0.65,0.13,0.84
3080,2014-09-22,000925SZ,19.89,21.13,21.33,19.73,73321,150998383.0,8.01,5.76,1.15,2.43
3081,2014-09-23,000925SZ,21.0,22.3,22.36,20.74,64322,138355136.0,7.67,5.54,1.17,2.13
3082,2014-09-24,000925SZ,22.2,22.31,22.5,21.81,44013,97720448.0,3.09,0.04,0.01,1.46
3083,2014-09-25,000925SZ,22.31,21.55,22.4,21.45,37089,80594375.0,4.26,-3.41,-0.76,1.23
3084,2014-09-26,000925SZ,21.68,22.6,22.89,21.57,38841,86884851.0,6.13,4.87,1.05,1.29
3085,2014-09-29,000925SZ,22.59,23.05,23.65,22.38,57640,134528902.0,5.62,1.99,0.45,1.91
3086,2014-09-30,000925SZ,23.05,23.14,23.49,22.5,33474,76818938.0,4.3,0.39,0.09,1.11
3087,2014-10-08,000925SZ,23.14,23.58,23.69,22.72,31457,72634787.0,4.19,1.9,0.44,1.04
3088,2014-10-09,000925SZ,23.58,23.48,23.78,23.01,23061,54060733.0,3.27,-0.42,-0.1,0.77
3089,2014-10-10,000925SZ,23.5,23.3,23.5,22.7,35455,81382510.0,3.41,-0.77,-0.18,1.18
3090,2014-10-13,000925SZ,23.02,23.3,23.55,22.19,46229,104461658.0,5.84,0.0,0.0,1.53
3091,2014-10-14,000925SZ,23.26,22.8,23.5,22.5,31058,71180193.0,4.29,-2.15,-0.5,1.03
3092,2014-10-15,000925SZ,22.36,22.8,23.29,21.53,54140,120330622.0,7.72,0.0,0.0,1.8
3093,2014-10-16,000925SZ,22.63,22.4,23.55,22.2,39308,90002660.0,5.92,-1.75,-0.4,1.3
3094,2014-10-17,000925SZ,22.3,22.1,22.87,21.85,21243,47295084.0,4.55,-1.34,-0.3,0.7
3095,2014-10-20,000925SZ,22.2,23.21,23.4,21.9,39178,88814164.0,6.79,5.02,1.11,1.3
3096,2014-10-21,000925SZ,23.12,23.75,24.53,23.1,37892,90625248.0,6.16,2.33,0.54,1.26
3097,2014-10-22,000925SZ,23.6,23.54,24.22,23.26,21428,50613391.0,4.04,-0.88,-0.21,0.71
3098,2014-10-23,000925SZ,23.54,23.15,24.1,23.1,14478,33865728.0,4.25,-1.66,-0.39,0.48
3099,2014-10-24,000925SZ,23.32,23.8,23.98,23.15,25736,61072590.0,3.59,2.81,0.65,0.85
3100,2014-10-27,000925SZ,23.84,23.9,24.0,23.1,18170,42883777.0,3.78,0.42,0.1,0.6
3101,2014-10-28,000925SZ,24.11,25.05,25.09,23.58,47989,117725903.0,6.32,4.81,1.15,1.59
3102,2014-10-29,000925SZ,25.0,25.7,26.1,24.81,38904,99950028.0,5.15,2.59,0.65,1.29
3103,2014-10-30,000925SZ,25.44,25.98,26.2,25.4,27774,71981725.0,3.11,1.09,0.28,0.92
3104,2014-10-31,000925SZ,25.99,25.58,26.5,24.45,56948,144017359.0,7.89,-1.54,-0.4,1.89
3105,2014-11-03,000925SZ,25.41,24.36,25.77,24.2,61195,150135961.0,6.14,-4.77,-1.22,2.03
3106,2014-11-04,000925SZ,24.48,22.01,24.48,21.94,71023,161443115.0,10.43,-9.65,-2.35,2.36
3107,2014-11-05,000925SZ,21.65,21.41,23.88,20.42,112176,243538888.0,15.72,-2.73,-0.6,3.72
3108,2014-11-06,000925SZ,21.21,22.22,22.44,21.0,71920,158115800.0,6.73,3.78,0.81,2.39
3109,2014-11-07,000925SZ,22.47,21.73,22.86,21.05,45964,100946216.0,8.15,-2.21,-0.49,1.53
3110,2014-11-10,000925SZ,21.7,20.35,21.7,20.0,77850,159942754.0,7.82,-6.35,-1.38,2.58
3111,2014-11-11,000925SZ,20.4,20.2,20.76,20.05,49913,101676969.0,3.49,-0.74,-0.15,1.66
3112,2014-11-12,000925SZ,20.19,20.7,21.35,20.12,44493,92566938.0,6.09,2.48,0.5,1.48
3113,2014-11-13,000925SZ,20.82,20.86,21.26,20.6,32765,68388730.0,3.19,0.77,0.16,1.09
3114,2014-11-14,000925SZ,20.55,20.7,21.3,20.55,27365,57446773.0,3.6,-0.77,-0.16,0.91
3115,2014-11-17,000925SZ,20.72,20.09,21.15,20.0,33745,68835994.0,5.56,-2.95,-0.61,1.12
3116,2014-11-18,000925SZ,20.08,19.15,20.3,19.09,63154,122416647.0,6.02,-4.68,-0.94,2.1
3117,2014-11-19,000925SZ,19.17,19.8,19.91,19.05,60580,117757968.0,4.49,3.39,0.65,2.01
3118,2014-11-20,000925SZ,19.6,20.14,20.28,19.55,48073,96473385.0,3.69,1.72,0.34,1.6
3119,2014-11-21,000925SZ,20.06,20.16,20.48,19.92,31451,63634412.0,2.78,0.1,0.02,1.04
3120,2014-11-24,000925SZ,20.16,20.0,20.43,19.9,37868,75971340.0,2.63,-0.79,-0.16,1.26
3121,2014-11-25,000925SZ,19.98,20.9,21.04,19.8,47818,98538345.0,6.2,4.5,0.9,1.59
3122,2014-11-26,000925SZ,20.75,22.6,22.6,20.75,80197,176111148.0,8.85,8.13,1.7,2.66
3123,2014-11-27,000925SZ,22.6,23.4,23.8,21.9,114118,260374859.0,8.41,3.54,0.8,3.79
3124,2014-11-28,000925SZ,23.5,23.15,23.58,22.63,62683,143737477.0,4.06,-1.07,-0.25,2.08
3125,2014-12-01,000925SZ,23.08,21.78,23.14,21.55,82177,180127980.0,6.87,-5.92,-1.37,2.73
3126,2014-12-02,000925SZ,21.71,22.0,22.38,21.21,68580,150981740.0,5.37,1.01,0.22,2.28
3127,2014-12-03,000925SZ,22.02,21.6,22.14,20.97,67213,143794999.0,5.32,-1.82,-0.4,2.23
3128,2014-12-04,000925SZ,21.61,21.63,21.82,21.2,48541,104508415.0,2.87,0.14,0.03,1.61
3129,2014-12-08,000925SZ,21.4,20.61,21.52,20.15,62585,129556015.0,6.33,-4.72,-1.02,2.08
3130,2014-12-09,000925SZ,21.31,19.6,21.4,19.35,74295,149009507.0,9.95,-4.9,-1.01,2.47
3131,2014-12-10,000925SZ,19.4,20.19,20.4,17.76,55105,106119504.0,13.47,3.01,0.59,1.83
3132,2014-12-11,000925SZ,19.79,20.08,20.76,19.33,37023,74587058.0,7.08,-0.54,-0.11,1.23
3133,2014-12-12,000925SZ,20.2,21.54,21.77,20.2,72609,153360499.0,7.82,7.27,1.46,2.41
3134,2014-12-15,000925SZ,21.54,21.4,21.85,20.82,33914,72735311.0,4.78,-0.65,-0.14,1.13
3135,2014-12-16,000925SZ,21.4,22.1,22.67,21.4,44309,98247312.0,5.93,3.27,0.7,1.47
3136,2014-12-17,000925SZ,22.1,21.37,22.1,21.08,28016,60054876.0,4.62,-3.3,-0.73,0.93
3137,2014-12-18,000925SZ,21.37,20.54,21.37,20.5,30659,63870498.0,4.07,-3.88,-0.83,1.02
3138,2014-12-19,000925SZ,20.93,20.26,20.93,19.93,31811,65023345.0,4.87,-1.36,-0.28,1.06
3139,2014-12-22,000925SZ,19.99,19.92,20.49,19.33,25770,50914685.0,5.73,-1.68,-0.34,0.86
3140,2014-12-23,000925SZ,19.12,20.1,20.45,19.12,16078,32263749.0,6.68,0.9,0.18,0.53
3141,2014-12-24,000925SZ,20.11,20.47,20.8,20.06,16622,33903944.0,3.68,1.84,0.37,0.55
3142,2014-12-25,000925SZ,20.46,21.72,21.88,20.25,30054,63628479.0,7.96,6.11,1.25,1.0
3143,2014-12-26,000925SZ,21.77,22.0,22.51,21.36,46068,101503302.0,5.29,1.29,0.28,1.53
3144,2014-12-29,000925SZ,22.05,21.42,22.15,21.2,17703,38059459.0,4.32,-2.64,-0.58,0.59
3145,2014-12-30,000925SZ,21.33,21.4,21.66,20.4,30425,63564083.0,5.88,-0.09,-0.02,1.01
3146,2015-01-12,000925SZ,21.65,23.54,23.54,21.65,87199,202154494.0,8.83,10.0,2.14,2.89
3147,2015-01-13,000925SZ,24.0,24.87,25.77,23.78,78189,194067293.0,8.45,5.65,1.33,2.59
3148,2015-01-14,000925SZ,24.86,24.71,25.48,24.11,38483,95522356.0,5.51,-0.64,-0.16,1.28
3149,2015-01-15,000925SZ,24.3,25.06,25.46,23.78,52264,128790063.0,6.8,1.42,0.35,1.73
3150,2015-01-16,000925SZ,25.05,24.93,25.15,24.48,35656,88252419.0,2.67,-0.52,-0.13,1.18
3151,2015-01-19,000925SZ,24.1,25.23,26.68,23.48,57751,147044548.0,12.84,1.2,0.3,1.92
3152,2015-01-20,000925SZ,25.33,26.93,27.13,24.71,51280,136015155.0,9.59,6.74,1.7,1.7
3153,2015-01-21,000925SZ,27.19,26.25,27.2,25.9,48241,127111644.0,4.83,-2.53,-0.68,1.6
3154,2015-01-22,000925SZ,26.24,25.92,26.37,25.06,64694,167466678.0,4.99,-1.26,-0.33,2.15
3155,2015-01-23,000925SZ,26.09,26.06,26.54,25.66,41546,108948151.0,3.4,0.54,0.14,1.38
3156,2015-01-26,000925SZ,26.06,28.02,28.6,25.7,59724,164055357.0,11.13,7.52,1.96,1.98
3157,2015-01-27,000925SZ,27.9,28.82,29.56,27.82,31374,90301821.0,6.21,2.86,0.8,1.04
3158,2015-01-28,000925SZ,28.5,28.58,29.98,28.42,72196,211669890.0,5.41,-0.83,-0.24,2.4
3159,2015-01-29,000925SZ,28.58,28.9,29.42,28.19,34136,98007479.0,4.3,1.12,0.32,1.13
3160,2015-01-30,000925SZ,28.8,27.51,28.86,27.4,17177,48114285.0,5.05,-4.81,-1.39,0.57
3161,2015-02-02,000925SZ,27.27,27.14,28.18,26.5,29593,80110202.0,6.11,-1.34,-0.37,0.98
3162,2015-02-03,000925SZ,27.3,27.28,27.67,26.02,35793,95271841.0,6.08,0.52,0.14,1.19
3163,2015-02-04,000925SZ,27.35,27.81,28.65,27.0,24248,67865339.0,6.05,1.94,0.53,0.8
3164,2015-02-05,000925SZ,27.89,27.8,28.85,27.2,26468,75058676.0,5.93,-0.04,-0.01,0.88
3165,2015-02-06,000925SZ,27.66,26.75,27.66,26.09,39984,106246101.0,5.65,-3.78,-1.05,1.33
3166,2015-02-09,000925SZ,26.69,26.57,28.0,25.43,24434,64497690.0,9.61,-0.67,-0.18,0.81
3167,2015-02-10,000925SZ,26.32,26.74,26.98,25.43,25940,67559318.0,5.83,0.64,0.17,0.86
3168,2015-02-11,000925SZ,26.74,26.7,27.33,25.88,16381,43131127.0,5.42,-0.15,-0.04,0.54
3169,2015-02-12,000925SZ,26.48,27.31,27.38,26.0,23901,64194649.0,5.17,2.28,0.61,0.79
3170,2015-02-13,000925SZ,27.2,27.65,28.45,27.0,25745,71156533.0,5.31,1.24,0.34,0.85
3171,2015-02-16,000925SZ,27.63,28.04,28.35,27.28,21007,58695285.0,3.87,1.41,0.39,0.7
3172,2015-02-17,000925SZ,28.0,28.15,28.5,27.88,8868,24932477.0,2.21,0.39,0.11,0.29
3173,2015-02-25,000925SZ,27.6,25.34,27.9,25.34,45689,117541892.0,9.09,-9.98,-2.81,1.52
3174,2015-02-26,000925SZ,22.81,23.88,24.07,22.81,356270,818592416.0,4.97,-5.76,-1.46,11.82
3175,2015-02-27,000925SZ,23.09,23.05,23.36,22.71,225349,518852336.0,2.72,-3.48,-0.83,7.48
3176,2015-03-02,000925SZ,23.18,23.66,23.98,23.18,263824,621481792.0,3.47,2.65,0.61,8.76
3177,2015-03-03,000925SZ,23.67,23.31,23.7,23.12,172923,404540992.0,2.45,-1.48,-0.35,5.74
3178,2015-03-04,000925SZ,23.31,23.37,23.5,23.21,101808,237738673.0,1.24,0.26,0.06,3.38
3179,2015-03-05,000925SZ,23.4,22.8,23.49,22.5,182949,418585984.0,4.24,-2.44,-0.57,6.07
3180,2015-03-06,000925SZ,22.98,23.06,23.5,22.92,121217,280995968.0,2.54,1.14,0.26,4.02
3181,2015-03-09,000925SZ,23.1,23.24,23.31,22.85,94499,218344806.0,1.99,0.78,0.18,3.14
3182,2015-03-10,000925SZ,23.25,22.95,23.38,22.9,125870,289812544.0,2.07,-1.25,-0.29,4.18
3183,2015-03-11,000925SZ,22.95,22.4,22.95,22.31,136246,306564464.0,2.79,-2.4,-0.55,4.52
3184,2015-03-12,000925SZ,22.37,22.64,22.65,22.11,94089,211470735.0,2.41,1.07,0.24,3.12
3185,2015-03-13,000925SZ,22.68,22.69,22.8,22.5,75191,170284613.0,1.33,0.22,0.05,2.5
3186,2015-03-16,000925SZ,22.7,23.19,23.2,22.7,151867,349579008.0,2.2,2.2,0.5,5.04
3187,2015-03-17,000925SZ,23.22,23.58,23.98,23.19,221895,521200624.0,3.41,1.68,0.39,7.36
3188,2015-03-18,000925SZ,23.59,23.94,23.99,23.59,196448,468108016.0,1.7,1.53,0.36,6.52
3189,2015-03-19,000925SZ,23.95,23.7,24.0,23.5,183479,434734528.0,2.09,-1.0,-0.24,6.09
3190,2015-03-20,000925SZ,23.7,23.9,23.98,23.7,172141,410475008.0,1.18,0.84,0.2,5.71
3191,2015-03-23,000925SZ,23.99,25.32,25.44,23.99,261902,646492928.0,6.07,5.94,1.42,8.69
3192,2015-03-24,000925SZ,25.35,24.82,25.54,23.8,249228,617402608.0,6.87,-1.97,-0.5,8.27
3193,2015-03-25,000925SZ,24.72,24.46,24.8,24.1,163244,399144448.0,2.82,-1.45,-0.36,5.42
3194,2015-03-26,000925SZ,24.55,24.8,25.36,24.42,179157,445886048.0,3.84,1.39,0.34,5.95
3195,2015-03-27,000925SZ,24.8,24.64,25.15,24.5,114009,281530080.0,2.62,-0.65,-0.16,3.78
3196,2015-03-30,000925SZ,24.8,24.88,25.09,24.61,156613,388610800.0,1.95,0.97,0.24,5.2
3197,2015-03-31,000925SZ,25.0,24.59,25.0,24.45,148417,365452656.0,2.21,-1.17,-0.29,4.93
3198,2015-04-01,000925SZ,24.5,24.51,24.51,24.06,155761,378904688.0,1.83,-0.33,-0.08,5.17
3199,2015-04-02,000925SZ,24.53,26.61,26.89,24.38,365955,941457728.0,10.24,8.57,2.1,12.14
3200,2015-04-03,000925SZ,26.6,26.24,26.6,25.7,197222,516346960.0,3.38,-1.39,-0.37,6.54
3201,2015-04-07,000925SZ,26.23,26.35,26.62,26.05,156009,410434464.0,2.17,0.42,0.11,5.18
3202,2015-04-08,000925SZ,26.36,26.13,26.47,25.21,204737,529459600.0,4.78,-0.83,-0.22,6.79
3203,2015-04-09,000925SZ,26.03,25.15,26.03,24.5,138659,349272048.0,5.86,-3.75,-0.98,4.6
3204,2015-04-10,000925SZ,25.0,24.85,25.0,23.99,210312,515946368.0,4.02,-1.19,-0.3,6.98
3205,2015-04-13,000925SZ,25.01,25.74,26.27,24.87,250383,643295248.0,5.63,3.58,0.89,8.31
3206,2015-04-14,000925SZ,25.74,26.1,26.6,25.43,212230,555516496.0,4.55,1.4,0.36,7.04
3207,2015-04-15,000925SZ,26.0,24.36,26.0,24.35,148014,372015872.0,6.32,-6.67,-1.74,4.91
3208,2015-04-16,000925SZ,23.98,23.95,24.25,23.36,147845,351915648.0,3.65,-1.68,-0.41,4.91
3209,2015-04-17,000925SZ,24.1,24.1,24.57,24.0,127878,309897968.0,2.38,0.63,0.15,4.24
3210,2015-04-20,000925SZ,24.05,22.71,24.05,22.68,173765,405328000.0,5.68,-5.77,-1.39,5.77
3211,2015-04-21,000925SZ,22.72,23.6,23.65,22.72,102913,238942412.0,4.1,3.92,0.89,3.42
3212,2015-04-22,000925SZ,23.87,25.96,25.96,23.7,148542,377378944.0,9.58,10.0,2.36,4.93
3213,2015-04-23,000925SZ,26.95,26.81,28.5,26.32,325384,881029296.0,8.4,3.27,0.85,10.8
3214,2015-04-24,000925SZ,26.69,25.86,26.7,25.41,204338,531386352.0,4.81,-3.54,-0.95,6.78
3215,2015-04-27,000925SZ,26.05,26.11,26.45,25.6,163642,425061552.0,3.29,0.97,0.25,5.43
3216,2015-04-28,000925SZ,26.12,25.12,26.49,25.12,156454,400566896.0,5.25,-3.79,-0.99,5.19
3217,2015-04-29,000925SZ,25.01,26.06,26.07,24.3,158904,406797536.0,7.05,3.74,0.94,5.27
3218,2015-04-30,000925SZ,26.25,26.1,27.3,26.0,205026,543122560.0,4.99,0.15,0.04,6.8
3219,2015-05-04,000925SZ,25.96,26.63,27.2,25.8,144225,383686736.0,5.36,2.03,0.53,4.79
3220,2015-05-05,000925SZ,26.63,25.8,26.64,25.5,110774,287660560.0,4.28,-3.12,-0.83,3.68
3221,2015-05-06,000925SZ,25.85,25.5,26.6,25.3,144202,377841120.0,5.04,-1.16,-0.3,4.79
3222,2015-05-07,000925SZ,25.6,23.7,25.96,23.6,121845,294306272.0,9.25,-7.06,-1.8,4.04
3223,2015-05-08,000925SZ,23.98,24.31,24.44,23.32,90925,218969455.0,4.73,2.57,0.61,3.02
3224,2015-05-11,000925SZ,24.69,25.13,25.39,24.32,117079,292476016.0,4.4,3.37,0.82,3.89
3225,2015-05-12,000925SZ,25.16,25.2,25.68,24.6,130094,326692048.0,4.3,0.28,0.07,4.32
3226,2015-05-13,000925SZ,25.1,26.75,26.88,24.74,207761,540336912.0,8.49,6.15,1.55,6.89
3227,2015-05-14,000925SZ,27.01,27.23,27.49,26.4,221427,597188464.0,4.07,1.79,0.48,7.35
3228,2015-05-15,000925SZ,27.39,26.8,28.38,26.76,239500,661659488.0,5.95,-1.58,-0.43,7.95
3229,2015-05-18,000925SZ,26.9,27.39,27.84,26.3,170842,462185360.0,5.75,2.2,0.59,5.67
3230,2015-05-19,000925SZ,27.45,28.5,29.26,27.45,182102,518506336.0,6.61,4.05,1.11,6.04
3231,2015-05-20,000925SZ,28.23,29.64,31.0,28.2,197258,588311472.0,9.82,4.0,1.14,6.55
3232,2015-05-21,000925SZ,29.8,30.8,31.19,29.0,180493,545202016.0,7.39,3.91,1.16,5.99
3233,2015-05-22,000925SZ,30.92,30.03,31.55,29.5,190297,577622480.0,6.66,-2.5,-0.77,6.32
3234,2015-05-25,000925SZ,29.88,31.0,31.2,28.92,205603,624428976.0,7.59,3.23,0.97,6.82
3235,2015-05-26,000925SZ,31.13,32.2,32.3,30.59,185958,588892880.0,5.52,3.87,1.2,6.17
3236,2015-05-27,000925SZ,32.2,34.33,34.5,31.51,208307,678992672.0,9.29,6.61,2.13,6.91
3237,2015-05-28,000925SZ,34.31,33.28,37.4,33.18,234278,829366848.0,12.29,-3.06,-1.05,7.77
3238,2015-05-29,000925SZ,33.25,34.9,36.0,30.0,190858,649335824.0,18.03,4.87,1.62,6.33
3239,2015-06-01,000925SZ,35.99,35.9,36.56,35.0,187745,670134288.0,4.47,2.87,1.0,6.23
3240,2015-06-02,000925SZ,36.0,36.91,37.18,35.5,187286,683842640.0,4.68,2.81,1.01,6.22
3241,2015-06-03,000925SZ,36.86,40.6,40.6,35.9,229858,877086336.0,12.73,10.0,3.69,7.63
3242,2015-06-04,000925SZ,40.63,44.1,44.45,36.9,219292,893803520.0,18.6,8.62,3.5,7.28
3243,2015-06-05,000925SZ,44.37,43.2,46.05,42.76,214777,950235600.0,7.46,-2.04,-0.9,7.13
3244,2015-06-08,000925SZ,42.28,40.16,42.6,39.8,218425,890819072.0,6.48,-7.04,-3.04,7.25
3245,2015-06-09,000925SZ,40.02,44.18,44.18,39.11,192279,799751568.0,12.62,10.01,4.02,6.38
3246,2015-06-10,000925SZ,44.5,46.51,48.37,42.88,207192,944797488.0,12.43,5.27,2.33,6.88
3247,2015-06-11,000925SZ,44.59,45.86,47.5,43.75,225876,1013525600.0,8.06,-1.4,-0.65,7.5
3248,2015-06-12,000925SZ,45.0,42.6,45.46,42.6,204806,897946784.0,6.24,-7.11,-3.26,6.8
3249,2015-06-15,000925SZ,42.03,42.01,43.43,40.3,197762,816675536.0,7.35,-1.38,-0.59,6.56
3250,2015-06-16,000925SZ,41.0,39.4,42.45,38.5,127284,518543440.0,9.4,-6.21,-2.61,4.22
3251,2015-06-17,000925SZ,38.85,40.73,41.4,38.85,113300,454102784.0,6.47,3.38,1.33,3.76
3252,2015-06-18,000925SZ,41.2,38.48,42.5,37.5,114365,465107248.0,12.28,-5.52,-2.25,3.8
3253,2015-06-19,000925SZ,36.8,34.63,38.47,34.63,114634,412235728.0,9.98,-10.01,-3.85,3.8
3254,2015-06-23,000925SZ,32.12,33.13,34.92,31.17,145946,475690768.0,10.83,-4.33,-1.5,4.84
3255,2015-06-24,000925SZ,33.96,33.15,34.32,31.99,119726,398385344.0,7.03,0.06,0.02,3.97
3256,2015-06-25,000925SZ,33.18,32.1,34.4,30.7,116897,390611328.0,11.16,-3.17,-1.05,3.88
3257,2015-06-26,000925SZ,31.51,28.89,31.51,28.89,100528,296299840.0,8.16,-10.0,-3.21,3.34
3258,2015-06-29,000925SZ,29.9,26.0,30.2,26.0,169836,458644592.0,14.54,-10.0,-2.89,5.64
3259,2015-06-30,000925SZ,25.1,27.6,28.23,23.4,165892,423336992.0,18.58,6.15,1.6,5.51
3260,2015-07-01,000925SZ,27.26,24.9,28.8,24.84,138320,380293120.0,14.35,-9.78,-2.7,4.59
3261,2015-07-02,000925SZ,25.3,22.41,25.87,22.41,127477,297918816.0,13.9,-10.0,-2.49,4.23
3262,2015-07-03,000925SZ,20.51,20.17,23.06,20.17,175228,366146464.0,12.9,-10.0,-2.24,5.81
3263,2015-07-06,000925SZ,22.15,18.15,22.15,18.15,167779,325183488.0,19.83,-10.01,-2.02,5.57
3264,2015-07-07,000925SZ,16.45,16.34,17.0,16.34,39932,65427472.0,3.64,-9.97,-1.81,1.33
3265,2015-07-14,000925SZ,17.97,17.97,17.97,17.97,5655,10162142.0,0.0,9.98,1.63,0.19
3266,2015-07-15,000925SZ,19.77,19.31,19.77,19.06,361274,709263280.0,3.95,7.46,1.34,11.99
3267,2015-07-16,000925SZ,17.8,19.42,19.98,17.38,272243,514841936.0,13.46,0.57,0.11,9.03
3268,2015-07-17,000925SZ,19.49,21.18,21.36,19.28,286377,586748160.0,10.71,9.06,1.76,9.5
3269,2015-07-20,000925SZ,21.21,22.25,22.66,21.18,296770,650897168.0,6.99,5.05,1.07,9.85
3270,2015-07-21,000925SZ,21.49,22.99,23.82,21.34,214025,487593792.0,11.15,3.33,0.74,7.1
3271,2015-07-22,000925SZ,22.98,22.65,23.51,21.81,210196,477867248.0,7.39,-1.48,-0.34,6.98
3272,2015-07-23,000925SZ,22.71,24.1,24.35,22.71,203049,476566528.0,7.24,6.4,1.45,6.74
3273,2015-07-24,000925SZ,24.47,25.44,26.2,24.01,277314,692651248.0,9.09,5.56,1.34,9.2
3274,2015-07-27,000925SZ,24.87,22.9,25.44,22.9,202921,490464128.0,9.98,-9.98,-2.54,6.73
3275,2015-07-28,000925SZ,20.77,20.79,22.6,20.61,208066,436367392.0,8.69,-9.21,-2.11,6.9
3276,2015-07-29,000925SZ,21.4,22.02,22.06,19.6,168832,351293712.0,11.83,5.92,1.23,5.6
3277,2015-07-30,000925SZ,21.78,20.24,22.02,19.88,159400,341045680.0,9.72,-8.08,-1.78,5.29
3278,2015-07-31,000925SZ,19.73,19.2,20.25,18.34,156385,303128816.0,9.44,-5.14,-1.04,5.19
3279,2015-08-03,000925SZ,18.5,17.28,18.8,17.28,128519,229462554.0,7.92,-10.0,-1.92,4.26
3280,2015-08-04,000925SZ,17.11,19.01,19.01,17.11,144974,265568878.0,11.0,10.01,1.73,4.81
3281,2015-08-05,000925SZ,19.3,19.53,20.4,19.02,188674,372485120.0,7.26,2.74,0.52,6.26
3282,2015-08-06,000925SZ,19.01,19.52,20.38,18.68,110526,216919723.0,8.7,-0.05,-0.01,3.67
3283,2015-08-07,000925SZ,20.02,21.09,21.2,19.62,181058,371048976.0,8.09,8.04,1.57,6.01
3284,2015-08-10,000925SZ,21.67,22.67,23.1,21.2,160846,360352896.0,9.01,7.49,1.58,5.34
3285,2015-08-11,000925SZ,22.83,23.03,24.22,22.5,159132,372126512.0,7.59,1.59,0.36,5.28
3286,2015-08-12,000925SZ,23.05,22.35,23.33,22.0,133125,302381792.0,5.78,-2.95,-0.68,4.42
3287,2015-08-13,000925SZ,22.6,23.0,23.2,22.1,133838,304018416.0,4.92,2.91,0.65,4.44
3288,2015-08-14,000925SZ,23.45,23.48,23.78,23.0,137540,322769248.0,3.39,2.09,0.48,4.56
3289,2015-08-17,000925SZ,23.58,23.5,23.58,22.2,105066,241184544.0,5.88,0.09,0.02,3.49
3290,2015-08-18,000925SZ,23.53,21.15,23.8,21.15,132132,295333472.0,11.28,-10.0,-2.35,4.38
3291,2015-08-19,000925SZ,19.99,21.3,22.15,19.04,147512,299108288.0,14.7,0.71,0.15,4.9
3292,2015-08-20,000925SZ,21.15,21.18,22.5,20.68,135040,292052576.0,8.54,-0.56,-0.12,4.48
3293,2015-08-21,000925SZ,20.19,19.86,20.78,19.56,134266,270163328.0,5.76,-6.23,-1.32,4.46
3294,2015-08-24,000925SZ,18.8,17.87,18.8,17.87,46115,83151516.0,4.68,-10.02,-1.99,1.53
3295,2015-08-25,000925SZ,16.08,16.08,16.39,16.08,68262,109972455.0,1.73,-10.02,-1.79,2.27
3296,2015-08-26,000925SZ,16.0,14.48,16.6,14.47,140909,217216062.0,13.25,-9.95,-1.6,4.68
3297,2015-08-27,000925SZ,14.9,15.03,15.33,13.99,98464,145867980.0,9.25,3.8,0.55,3.27
3298,2015-08-28,000925SZ,15.52,16.38,16.38,15.1,110511,172621728.0,8.52,8.98,1.35,3.67
3299,2015-08-31,000925SZ,16.34,14.98,16.34,14.81,99074,154097288.0,9.34,-8.55,-1.4,3.29
3300,2015-09-01,000925SZ,14.74,13.48,14.74,13.48,82658,114984811.0,8.41,-10.01,-1.5,2.74
3301,2015-09-02,000925SZ,12.54,12.26,13.98,12.13,100417,128355232.0,13.72,-9.05,-1.22,3.33
3302,2015-09-07,000925SZ,12.62,12.8,13.22,12.55,93864,120893028.0,5.46,4.4,0.54,3.11
3303,2015-09-08,000925SZ,12.8,13.94,13.99,12.6,93268,123722129.0,10.86,8.91,1.14,3.1
3304,2015-09-09,000925SZ,14.15,14.69,14.86,14.0,120339,174123242.0,6.17,5.38,0.75,3.99
3305,2015-09-10,000925SZ,14.41,14.4,14.95,14.21,88859,130024547.0,5.04,-1.97,-0.29,2.95
3306,2015-09-11,000925SZ,14.45,15.26,15.28,14.45,112721,168563431.0,5.76,5.97,0.86,3.74
3307,2015-09-14,000925SZ,15.59,13.73,15.73,13.73,105417,152431836.0,13.11,-10.03,-1.53,3.5
3308,2015-09-15,000925SZ,13.01,12.36,13.48,12.36,85416,108657911.0,8.16,-9.98,-1.37,2.83
3309,2015-09-16,000925SZ,12.7,13.6,13.6,12.4,86790,112675764.0,9.71,10.03,1.24,2.88
3310,2015-09-17,000925SZ,13.61,13.71,14.9,13.61,107998,153832850.0,9.49,0.81,0.11,3.58
3311,2015-09-18,000925SZ,14.01,14.22,14.36,13.78,85570,120658583.0,4.23,3.72,0.51,2.84
3312,2015-09-21,000925SZ,14.05,14.96,15.05,13.82,95598,138231657.0,8.65,5.2,0.74,3.17
3313,2015-09-22,000925SZ,15.0,14.93,15.35,14.5,131777,196088196.0,5.68,-0.2,-0.03,4.37
3314,2015-09-23,000925SZ,14.52,14.65,14.98,14.4,86503,126846761.0,3.88,-1.88,-0.28,2.87
3315,2015-09-24,000925SZ,14.66,15.13,15.15,14.66,84560,126134507.0,3.34,3.28,0.48,2.81
3316,2015-09-25,000925SZ,15.26,14.38,15.36,14.02,91761,135547802.0,8.86,-4.96,-0.75,3.05
3317,2015-09-28,000925SZ,14.3,14.75,14.8,14.01,60570,87737811.0,5.49,2.57,0.37,2.01
3318,2015-09-29,000925SZ,14.46,14.13,14.55,14.01,69441,98894179.0,3.66,-4.2,-0.62,2.3
3319,2015-09-30,000925SZ,14.31,14.28,14.49,14.14,40137,57448876.0,2.48,1.06,0.15,1.33
3320,2015-10-08,000925SZ,14.99,15.2,15.27,14.77,87262,131413484.0,3.5,6.44,0.92,2.9
3321,2015-10-09,000925SZ,15.22,15.81,15.87,15.15,111246,173342452.0,4.74,4.01,0.61,3.69
3322,2015-10-12,000925SZ,16.38,17.01,17.39,16.3,164105,278920672.0,6.89,7.59,1.2,5.45
3323,2015-10-13,000925SZ,16.6,17.92,18.33,16.52,182656,321477184.0,10.64,5.35,0.91,6.06
3324,2015-10-14,000925SZ,17.68,17.12,17.85,17.07,124794,217435558.0,4.35,-4.46,-0.8,4.14
3325,2015-10-15,000925SZ,17.0,18.46,18.48,16.92,143394,257325800.0,9.11,7.83,1.34,4.76
3326,2015-10-16,000925SZ,18.55,18.6,18.88,17.97,156679,286660928.0,4.93,0.76,0.14,5.2
3327,2015-10-19,000925SZ,18.62,18.46,18.63,18.0,132990,243604280.0,3.39,-0.75,-0.14,4.41
3328,2015-10-20,000925SZ,18.25,19.49,20.29,18.21,151408,291092288.0,11.27,5.58,1.03,5.02
3329,2015-10-21,000925SZ,19.55,17.54,19.6,17.54,145038,269291744.0,10.57,-10.01,-1.95,4.81
3330,2015-10-22,000925SZ,17.52,18.0,18.0,16.69,179281,312908064.0,7.47,2.62,0.46,5.95
3331,2015-10-23,000925SZ,18.0,18.28,18.8,17.55,200849,361552496.0,6.94,1.56,0.28,6.67
3332,2015-10-26,000925SZ,18.56,18.2,18.73,17.8,198168,360193712.0,5.09,-0.44,-0.08,6.58
3333,2015-10-27,000925SZ,17.88,17.9,18.07,16.82,145430,254850429.0,6.87,-1.65,-0.3,4.83
3334,2015-10-28,000925SZ,17.93,17.85,18.68,17.7,180609,329035136.0,5.47,-0.28,-0.05,5.99
3335,2015-10-29,000925SZ,17.85,18.16,18.46,17.69,115254,208375524.0,4.31,1.74,0.31,3.82
3336,2015-10-30,000925SZ,18.21,18.17,18.43,17.6,121712,220714679.0,4.57,0.06,0.01,4.04
3337,2015-11-02,000925SZ,18.2,18.48,19.2,18.0,203099,379763664.0,6.6,1.71,0.31,6.74
3338,2016-05-17,000925SZ,17.02,16.63,17.78,16.63,217644,366956816.0,6.22,-10.01,-1.85,7.12
3339,2016-05-18,000925SZ,15.81,15.22,16.0,15.0,206247,319852400.0,6.01,-8.48,-1.41,6.75
3340,2016-05-19,000925SZ,15.08,14.79,15.3,14.72,112792,168712287.0,3.81,-2.83,-0.43,3.69
3341,2016-05-20,000925SZ,14.49,14.8,14.92,14.4,70296,102969765.0,3.52,0.07,0.01,2.3
3342,2016-05-23,000925SZ,14.82,15.16,15.25,14.82,88145,132669482.0,2.91,2.43,0.36,2.89
3343,2016-05-24,000925SZ,15.02,15.3,15.9,15.0,103854,161459235.0,5.94,0.92,0.14,3.4
3344,2016-05-25,000925SZ,15.4,14.97,15.56,14.87,69740,105341615.0,4.51,-2.16,-0.33,2.28
3345,2016-05-26,000925SZ,14.98,14.55,14.98,14.18,68937,99918507.0,5.34,-2.81,-0.42,2.26
3346,2016-05-27,000925SZ,14.55,14.55,14.84,14.42,43523,63603941.0,2.89,0.0,0.0,1.42
3347,2016-05-30,000925SZ,14.6,15.28,15.56,14.48,103121,157182069.0,7.42,5.02,0.73,3.38
3348,2016-05-31,000925SZ,15.27,15.98,16.24,15.27,124833,196969320.0,6.35,4.58,0.7,4.09
3349,2016-06-01,000925SZ,15.88,16.72,17.05,15.73,135123,222224059.0,8.26,4.63,0.74,4.42
3350,2016-06-02,000925SZ,16.96,17.05,17.75,16.6,111723,190109657.0,6.88,1.97,0.33,3.66
3351,2016-06-03,000925SZ,16.99,16.84,17.35,16.75,85511,145208506.0,3.52,-1.23,-0.21,2.8
3352,2016-06-06,000925SZ,17.0,16.68,17.44,16.5,90197,153054827.0,5.58,-0.95,-0.16,2.95
3353,2016-06-07,000925SZ,16.68,18.35,18.35,16.53,191292,338074304.0,10.91,10.01,1.67,6.26
3354,2016-06-08,000925SZ,18.55,18.9,19.23,18.02,242722,453870304.0,6.59,3.0,0.55,7.94
3355,2016-06-13,000925SZ,18.31,17.1,18.75,17.03,140749,253807589.0,9.1,-9.52,-1.8,4.61
3356,2016-06-14,000925SZ,17.09,17.1,17.5,16.25,121084,204176190.0,7.31,0.0,0.0,3.96
3357,2016-06-15,000925SZ,16.75,18.81,18.81,16.7,162167,291213296.0,12.34,10.0,1.71,5.31
3358,2016-06-16,000925SZ,18.83,20.34,20.69,18.81,292318,584465952.0,9.99,8.13,1.53,9.57
3359,2016-06-17,000925SZ,20.3,19.96,20.3,19.35,222589,439222384.0,4.67,-1.87,-0.38,7.29
3360,2016-06-20,000925SZ,19.61,19.85,20.37,19.37,141278,281634528.0,5.01,-0.55,-0.11,4.62
3361,2016-06-21,000925SZ,20.0,19.16,20.27,18.85,120213,233819660.0,7.15,-3.48,-0.69,3.93
3362,2016-06-22,000925SZ,19.05,19.48,19.64,19.05,72180,139865331.0,3.08,1.67,0.32,2.36
3363,2016-06-23,000925SZ,19.58,19.35,19.67,19.02,65358,126123614.0,3.34,-0.67,-0.13,2.14
3364,2016-06-24,000925SZ,19.37,19.7,20.34,18.6,198314,393867824.0,8.99,1.81,0.35,6.49
3365,2016-06-27,000925SZ,19.5,20.5,20.66,19.29,158058,319502720.0,6.95,4.06,0.8,5.17
3366,2016-06-28,000925SZ,20.34,20.2,20.43,19.85,117398,235630355.0,2.83,-1.46,-0.3,3.84
3367,2016-06-29,000925SZ,20.2,19.55,20.3,19.32,134292,263457625.0,4.85,-3.22,-0.65,4.4
3368,2016-06-30,000925SZ,19.6,19.3,19.85,18.98,95960,184806271.0,4.45,-1.28,-0.25,3.14
3369,2016-07-01,000925SZ,19.27,19.49,19.6,19.0,85653,166122557.0,3.11,0.98,0.19,2.8
3370,2016-07-04,000925SZ,19.4,19.58,19.95,19.09,83128,162761767.0,4.41,0.46,0.09,2.72
3371,2016-07-05,000925SZ,19.88,19.3,19.88,19.2,86665,168459834.0,3.47,-1.43,-0.28,2.84
3372,2016-07-06,000925SZ,19.28,18.85,19.52,18.7,97751,186878512.0,4.25,-2.33,-0.45,3.2
3373,2016-07-07,000925SZ,18.79,19.0,19.11,18.5,74730,140995839.0,3.24,0.8,0.15,2.45
3374,2016-07-08,000925SZ,18.9,18.7,18.97,18.6,49630,93179820.0,1.95,-1.58,-0.3,1.62
3375,2016-07-11,000925SZ,18.7,18.7,18.96,18.6,53939,101232205.0,1.93,0.0,0.0,1.77
3376,2016-07-12,000925SZ,18.77,20.57,20.57,18.71,277255,554239856.0,9.95,10.0,1.87,9.08
3377,2016-07-13,000925SZ,20.45,19.86,20.45,19.7,189895,378905776.0,3.65,-3.45,-0.71,6.22
3378,2016-07-14,000925SZ,19.75,19.76,20.13,19.52,111188,219315259.0,3.07,-0.5,-0.1,3.64
3379,2016-07-15,000925SZ,19.67,19.07,19.85,19.04,105352,203436939.0,4.1,-3.49,-0.69,3.45
3380,2016-07-18,000925SZ,18.99,18.67,18.99,18.61,76060,142602438.0,1.99,-2.1,-0.4,2.49
3381,2016-07-19,000925SZ,18.67,19.02,19.17,18.6,68896,130915216.0,3.05,1.87,0.35,2.26
3382,2016-07-20,000925SZ,19.0,19.24,19.43,18.78,61881,118132676.0,3.42,1.16,0.22,2.03
3383,2016-07-21,000925SZ,19.18,19.12,19.55,19.1,55185,106665594.0,2.34,-0.62,-0.12,1.81
3384,2016-07-22,000925SZ,19.3,18.79,19.39,18.71,46909,88688451.0,3.56,-1.73,-0.33,1.54
3385,2016-07-25,000925SZ,18.99,19.38,19.4,18.57,62725,119688446.0,4.42,3.14,0.59,2.05
3386,2016-07-26,000925SZ,19.39,19.61,19.62,19.21,75549,147151319.0,2.12,1.19,0.23,2.47
3387,2016-07-27,000925SZ,19.61,18.17,19.67,18.05,90353,169376786.0,8.26,-7.34,-1.44,2.96
3388,2016-07-28,000925SZ,18.11,17.94,18.6,17.24,94281,168962190.0,7.48,-1.27,-0.23,3.09
3389,2016-07-29,000925SZ,17.75,17.89,18.09,17.73,34819,62291226.0,2.01,-0.28,-0.05,1.14
3390,2016-08-01,000925SZ,17.72,17.64,17.85,17.0,45728,79985910.0,4.75,-1.4,-0.25,1.5
3391,2016-08-02,000925SZ,17.76,17.73,17.76,17.52,18294,32277799.0,1.36,0.51,0.09,0.6
3392,2016-08-03,000925SZ,17.74,17.6,17.86,17.52,22410,39558554.0,1.92,-0.73,-0.13,0.73
3393,2016-08-04,000925SZ,17.6,17.66,17.79,17.43,25034,44035104.0,2.05,0.34,0.06,0.82
3394,2016-08-05,000925SZ,17.64,17.26,17.64,17.25,36425,63373637.0,2.21,-2.27,-0.4,1.19
3395,2016-08-08,000925SZ,17.1,17.16,17.26,16.83,40824,69658259.0,2.49,-0.58,-0.1,1.34
3396,2016-08-09,000925SZ,17.17,17.4,17.48,17.17,35359,61316631.0,1.81,1.4,0.24,1.16
3397,2016-08-10,000925SZ,17.41,17.21,17.46,17.01,57989,99593901.0,2.59,-1.09,-0.19,1.9
3398,2016-08-11,000925SZ,17.08,16.61,17.24,16.6,37471,63309767.0,3.72,-3.49,-0.6,1.23
3399,2016-08-12,000925SZ,16.74,16.75,16.86,16.41,36652,60937970.0,2.71,0.84,0.14,1.2
3400,2016-08-15,000925SZ,16.77,17.11,17.19,16.57,54631,92598484.0,3.7,2.15,0.36,1.79
3401,2016-08-16,000925SZ,17.19,17.31,17.49,17.02,57271,99269581.0,2.75,1.17,0.2,1.87
3402,2016-08-17,000925SZ,17.31,17.28,17.38,17.12,31067,53589290.0,1.5,-0.17,-0.03,1.02
3403,2016-08-18,000925SZ,17.28,17.38,17.6,17.23,44638,77851393.0,2.14,0.58,0.1,1.46
3404,2016-08-19,000925SZ,17.33,17.32,17.43,17.18,27595,47688072.0,1.44,-0.35,-0.06,0.9
3405,2016-08-22,000925SZ,17.23,17.34,17.52,17.22,35618,61997924.0,1.73,0.12,0.02,1.17
3406,2016-08-23,000925SZ,17.48,17.43,17.51,17.28,27811,48409044.0,1.33,0.52,0.09,0.91
3407,2016-08-24,000925SZ,17.43,17.46,17.64,17.37,34033,59589088.0,1.55,0.17,0.03,1.11
3408,2016-08-25,000925SZ,17.26,18.04,18.29,17.2,85902,152735655.0,6.24,3.32,0.58,2.81
3409,2016-08-26,000925SZ,18.1,18.26,18.41,17.86,82821,150213505.0,3.05,1.22,0.22,2.71
3410,2016-08-29,000925SZ,18.0,18.63,19.5,17.98,147549,278841152.0,8.32,2.03,0.37,4.83
3411,2016-08-30,000925SZ,18.64,18.3,18.87,18.03,64359,118546910.0,4.51,-1.77,-0.33,2.11
3412,2016-08-31,000925SZ,18.33,18.34,18.4,17.88,35250,63885274.0,2.84,0.22,0.04,1.15
3413,2016-09-01,000925SZ,18.56,17.79,18.56,17.77,47620,85882828.0,4.31,-3.0,-0.55,1.56
3414,2016-09-02,000925SZ,17.78,17.6,17.95,17.36,50871,89765847.0,3.32,-1.07,-0.19,1.67
3415,2016-09-05,000925SZ,17.65,18.31,18.42,17.65,86881,157127749.0,4.38,4.03,0.71,2.84
3416,2016-09-06,000925SZ,18.47,19.21,19.55,18.47,173427,332392304.0,5.9,4.92,0.9,5.68
3417,2016-09-07,000925SZ,19.4,20.03,20.56,19.37,258319,519065824.0,6.19,4.27,0.82,8.46
3418,2016-09-08,000925SZ,20.35,19.69,20.36,19.57,125101,248189711.0,3.94,-1.7,-0.34,4.09
3419,2016-09-09,000925SZ,19.98,21.66,21.66,19.98,74995,160994325.0,8.53,10.01,1.97,2.45
3420,2016-09-12,000925SZ,22.2,21.15,22.94,21.13,390870,864434800.0,8.36,-2.35,-0.51,12.79
3421,2016-09-13,000925SZ,21.22,21.66,22.7,20.78,309267,677637584.0,9.08,2.41,0.51,10.12
3422,2016-09-14,000925SZ,21.2,22.27,22.45,20.05,233155,503585008.0,11.08,2.82,0.61,7.63
3423,2016-09-19,000925SZ,21.88,22.1,22.77,21.71,145506,323053792.0,4.76,-0.76,-0.17,4.76
3424,2016-09-20,000925SZ,21.66,21.38,22.08,21.18,154100,331164912.0,4.07,-3.26,-0.72,5.04
3425,2016-09-21,000925SZ,21.37,21.58,21.76,21.12,73997,158819642.0,2.99,0.94,0.2,2.42
3426,2016-09-22,000925SZ,21.85,22.54,22.89,21.31,164336,364599536.0,7.32,4.45,0.96,5.38
3427,2016-09-23,000925SZ,22.35,21.97,22.93,21.75,111894,251014628.0,5.24,-2.53,-0.57,3.66
3428,2016-09-26,000925SZ,21.88,21.37,22.55,21.23,115657,251924518.0,6.01,-2.73,-0.6,3.79
3429,2016-09-27,000925SZ,21.0,21.63,21.95,20.96,79886,171782438.0,4.63,1.22,0.26,2.61
3430,2016-09-28,000925SZ,21.8,22.1,22.19,21.36,62569,136355263.0,3.84,2.17,0.47,2.05
3431,2016-09-29,000925SZ,22.06,22.59,23.16,22.03,122470,278194544.0,5.11,2.22,0.49,4.01
3432,2016-09-30,000925SZ,22.23,23.55,23.57,22.01,127332,294681744.0,6.91,4.25,0.96,4.17
3433,2016-10-10,000925SZ,23.55,24.69,25.91,23.12,186292,445479552.0,11.85,4.84,1.14,6.1
3434,2016-10-11,000925SZ,24.33,24.5,25.06,24.05,94382,231070437.0,4.09,-0.77,-0.19,3.09
3435,2016-10-12,000925SZ,24.41,24.6,25.4,23.83,113761,278834464.0,6.41,0.41,0.1,3.72
3436,2016-10-13,000925SZ,24.47,24.7,25.11,24.33,77395,191381428.0,3.17,0.41,0.1,2.53
3437,2016-10-14,000925SZ,24.6,25.8,26.1,24.44,142203,362756944.0,6.72,4.45,1.1,4.65
3438,2016-10-17,000925SZ,26.08,25.31,26.08,24.7,104000,264952779.0,5.35,-1.9,-0.49,3.4
3439,2016-10-18,000925SZ,25.11,25.22,25.74,24.85,70144,177677684.0,3.52,-0.36,-0.09,2.3
3440,2016-10-19,000925SZ,25.22,25.2,26.0,25.06,70784,180687088.0,3.73,-0.08,-0.02,2.32
3441,2016-10-20,000925SZ,25.28,24.51,26.41,24.28,105159,262657762.0,8.45,-2.74,-0.69,3.44
3442,2016-10-21,000925SZ,24.3,23.88,24.68,23.8,62960,151787393.0,3.59,-2.57,-0.63,2.06
3443,2016-10-24,000925SZ,24.07,23.94,24.35,23.63,75420,180982395.0,3.02,0.25,0.06,2.47
3444,2016-10-25,000925SZ,24.17,24.04,24.88,23.78,95906,232283733.0,4.59,0.42,0.1,3.14
3445,2016-10-26,000925SZ,23.92,23.77,24.28,23.16,81812,193773419.0,4.66,-1.12,-0.27,2.68
3446,2016-10-27,000925SZ,23.68,24.14,24.19,23.61,58158,139526911.0,2.44,1.56,0.37,1.9
3447,2016-10-28,000925SZ,24.16,24.4,24.65,23.88,75123,182952819.0,3.19,1.08,0.26,2.46
3448,2016-10-31,000925SZ,24.5,24.72,24.96,23.99,88037,215601434.0,3.98,1.31,0.32,2.88
3449,2016-11-01,000925SZ,24.57,25.35,25.62,24.57,91150,229218783.0,4.25,2.55,0.63,2.98
3450,2016-11-02,000925SZ,25.21,25.05,26.0,24.9,77534,197544629.0,4.34,-1.18,-0.3,2.54
3451,2016-11-03,000925SZ,24.8,25.57,25.9,24.7,69381,176053592.0,4.79,2.08,0.52,2.27
3452,2016-11-04,000925SZ,25.32,25.88,26.88,25.32,59401,153613989.0,6.1,1.21,0.31,1.94
3453,2016-11-07,000925SZ,25.87,24.89,25.87,24.12,97064,241380747.0,6.76,-3.83,-0.99,3.18
3454,2016-11-08,000925SZ,24.8,24.64,25.05,24.27,35924,88684786.0,3.13,-1.0,-0.25,1.18
3455,2016-11-09,000925SZ,24.5,25.05,25.16,24.16,45245,111852137.0,4.06,1.66,0.41,1.48
3456,2016-11-10,000925SZ,25.2,25.05,25.31,24.84,37548,94087838.0,1.88,0.0,0.0,1.23
3457,2016-11-11,000925SZ,24.98,24.8,25.27,24.73,30340,75675172.0,2.16,-1.0,-0.25,0.99
3458,2016-11-14,000925SZ,24.8,23.9,24.99,23.4,96479,230478811.0,6.41,-3.63,-0.9,3.16
3459,2016-11-15,000925SZ,23.7,24.01,24.14,23.6,51396,122532008.0,2.26,0.46,0.11,1.68
3460,2016-11-16,000925SZ,24.01,24.02,24.42,23.81,20018,48276578.0,2.54,0.04,0.01,0.66
3461,2016-11-17,000925SZ,24.0,24.92,24.98,24.0,64743,158522337.0,4.08,3.75,0.9,2.12
3462,2016-11-18,000925SZ,24.92,25.23,25.8,24.71,65588,166777090.0,4.37,1.24,0.31,2.15
3463,2016-11-21,000925SZ,25.25,25.23,25.71,25.17,46688,118619077.0,2.14,0.0,0.0,1.53
3464,2016-11-22,000925SZ,25.16,25.52,25.68,25.13,40259,102593733.0,2.18,1.15,0.29,1.32
3465,2016-11-23,000925SZ,25.45,24.93,25.7,24.89,40972,103188857.0,3.17,-2.31,-0.59,1.34
3466,2016-11-24,000925SZ,24.95,25.06,25.3,24.8,34703,86866300.0,2.01,0.52,0.13,1.14
3467,2016-11-25,000925SZ,24.95,25.02,25.04,24.16,24072,59170823.0,3.51,-0.16,-0.04,0.79
3468,2016-11-28,000925SZ,25.02,24.58,25.08,24.5,22555,55809027.0,2.32,-1.76,-0.44,0.74
3469,2016-11-29,000925SZ,24.58,24.88,26.95,24.01,71159,179670210.0,11.96,1.22,0.3,2.33
3470,2016-11-30,000925SZ,24.87,24.32,25.17,24.24,46504,113859620.0,3.74,-2.25,-0.56,1.52
3471,2016-12-01,000925SZ,24.06,24.13,24.49,24.0,32380,78343031.0,2.01,-0.78,-0.19,1.06
3472,2016-12-02,000925SZ,24.01,23.6,24.35,23.6,23383,55891894.0,3.11,-2.2,-0.53,0.77
3473,2016-12-05,000925SZ,23.0,23.5,23.88,22.6,27242,63627326.0,5.42,-0.42,-0.1,0.89
3474,2016-12-06,000925SZ,23.52,23.6,24.1,23.23,23023,54562149.0,3.7,0.43,0.1,0.75
3475,2016-12-07,000925SZ,23.83,23.71,23.85,23.42,16873,39758444.0,1.82,0.47,0.11,0.55
3476,2016-12-08,000925SZ,23.62,23.8,23.85,23.42,18246,43141550.0,1.81,0.38,0.09,0.6
3477,2016-12-09,000925SZ,23.59,23.82,23.96,23.59,19835,47181006.0,1.55,0.08,0.02,0.65
3478,2016-12-12,000925SZ,23.75,23.35,23.85,22.25,28966,67055195.0,6.72,-1.97,-0.47,0.95
3479,2016-12-13,000925SZ,22.9,23.27,23.52,22.9,27997,64768781.0,2.66,-0.34,-0.08,0.92
3480,2016-12-14,000925SZ,23.26,22.9,23.43,22.9,21855,50311210.0,2.28,-1.59,-0.37,0.72
3481,2016-12-15,000925SZ,22.8,23.25,23.25,22.5,13596,31300501.0,3.28,1.53,0.35,0.45
3482,2016-12-16,000925SZ,23.25,24.03,24.24,23.02,26528,63519251.0,5.25,3.35,0.78,0.87
3483,2016-12-19,000925SZ,23.8,23.9,24.35,23.69,29299,70132630.0,2.75,-0.54,-0.13,0.96
3484,2016-12-20,000925SZ,23.9,24.0,24.27,23.7,28184,67608194.0,2.38,0.42,0.1,0.92
3485,2016-12-21,000925SZ,24.19,24.15,24.45,23.91,38317,92919647.0,2.25,0.63,0.15,1.25
3486,2016-12-22,000925SZ,24.22,23.69,24.34,23.18,37107,88230399.0,4.8,-1.9,-0.46,1.21
3487,2016-12-23,000925SZ,23.5,23.9,24.25,23.5,24340,58203133.0,3.17,0.89,0.21,0.8
3488,2016-12-26,000925SZ,23.75,24.8,24.88,23.7,54554,133656026.0,4.94,3.77,0.9,1.79
3489,2016-12-27,000925SZ,24.83,24.89,25.2,24.56,37165,92344057.0,2.58,0.36,0.09,1.22
3490,2016-12-28,000925SZ,24.89,24.3,25.09,24.08,37692,91894891.0,4.06,-2.37,-0.59,1.23
3491,2016-12-29,000925SZ,24.01,24.43,24.48,24.01,23338,56682680.0,1.93,0.53,0.13,0.76
3492,2016-12-30,000925SZ,24.55,24.57,24.66,24.17,15497,37906348.0,2.01,0.57,0.14,0.51
3493,2017-01-03,000925SZ,24.6,24.56,24.75,24.33,19078,46780332.0,1.71,-0.04,-0.01,0.62
3494,2017-01-04,000925SZ,24.56,24.8,24.82,24.36,21749,53520620.0,1.87,0.98,0.24,0.71
3495,2017-01-12,000925SZ,24.9,22.92,24.9,22.55,96685,226708113.0,9.48,-7.58,-1.88,3.16
3496,2017-01-13,000925SZ,22.33,21.75,23.69,21.7,34721,78157041.0,8.68,-5.1,-1.17,1.14
3497,2017-01-16,000925SZ,21.62,20.82,21.62,19.7,42240,87735534.0,8.83,-4.28,-0.93,1.38
3498,2017-01-17,000925SZ,20.49,21.3,21.57,20.01,20673,43598861.0,7.49,2.31,0.48,0.68
3499,2017-01-18,000925SZ,21.2,21.29,21.59,21.12,16298,34860580.0,2.21,-0.05,-0.01,0.53
3500,2017-01-19,000925SZ,21.28,21.29,21.86,20.66,21366,45249449.0,5.64,0.0,0.0,0.7
3501,2017-01-20,000925SZ,21.18,21.96,22.01,21.18,22896,49691944.0,3.9,3.15,0.67,0.75
3502,2017-01-23,000925SZ,21.9,22.01,22.23,21.9,7746,17108584.0,1.5,0.23,0.05,0.25
3503,2017-01-24,000925SZ,22.01,22.0,22.17,21.78,11596,25496077.0,1.77,-0.05,-0.01,0.38
3504,2017-01-25,000925SZ,21.81,22.02,22.31,21.81,9725,21453795.0,2.27,0.09,0.02,0.32
3505,2017-01-26,000925SZ,22.02,22.15,22.22,21.93,8644,19091249.0,1.32,0.59,0.13,0.28
3506,2017-02-03,000925SZ,22.15,22.1,22.4,21.95,9578,21091819.0,2.03,-0.23,-0.05,0.31
3507,2017-02-06,000925SZ,22.1,22.35,22.39,22.09,9585,21349398.0,1.36,1.13,0.25,0.31
3508,2017-02-07,000925SZ,22.25,22.32,22.5,22.0,15803,35263583.0,2.24,-0.13,-0.03,0.52
3509,2017-02-08,000925SZ,22.35,22.21,22.46,22.07,9923,22003940.0,1.75,-0.49,-0.11,0.32
3510,2017-02-09,000925SZ,22.22,22.24,22.41,22.13,10688,23781533.0,1.26,0.14,0.03,0.35
3511,2017-02-10,000925SZ,22.07,21.8,22.29,21.52,28098,61161524.0,3.46,-1.98,-0.44,0.92
3512,2017-02-13,000925SZ,21.63,22.3,22.39,21.52,32088,70442712.0,3.99,2.29,0.5,1.05
3513,2017-02-14,000925SZ,22.45,22.3,22.6,22.11,14762,32838668.0,2.2,0.0,0.0,0.48
3514,2017-02-15,000925SZ,22.36,22.6,22.77,21.7,39440,88003283.0,4.8,1.35,0.3,1.29
3515,2017-02-16,000925SZ,22.41,22.98,23.0,22.19,27514,62166480.0,3.58,1.68,0.38,0.9
3516,2017-02-17,000925SZ,22.75,22.8,23.07,22.7,23214,53002511.0,1.61,-0.78,-0.18,0.76
3517,2017-02-20,000925SZ,22.98,22.8,23.04,22.65,16518,37648349.0,1.71,0.0,0.0,0.54
3518,2017-02-21,000925SZ,22.8,23.09,23.33,22.74,29440,67873829.0,2.59,1.27,0.29,0.96
3519,2017-02-22,000925SZ,23.03,23.05,23.22,22.9,13733,31648280.0,1.39,-0.17,-0.04,0.45
3520,2017-02-23,000925SZ,23.05,23.19,23.23,22.86,12395,28524416.0,1.61,0.61,0.14,0.41
3521,2017-02-24,000925SZ,23.25,23.06,23.25,22.9,10987,25268673.0,1.51,-0.56,-0.13,0.36
3522,2017-02-27,000925SZ,23.05,22.94,23.08,22.63,24553,56128323.0,1.95,-0.52,-0.12,0.8
3523,2017-02-28,000925SZ,22.95,22.57,22.98,22.5,15796,35820671.0,2.09,-1.61,-0.37,0.52
3524,2017-03-01,000925SZ,22.71,22.21,22.71,22.06,23237,51815235.0,2.88,-1.6,-0.36,0.76
3525,2017-03-02,000925SZ,22.43,22.43,22.67,22.23,20265,45427884.0,1.98,0.99,0.22,0.66
3526,2017-03-03,000925SZ,22.38,22.64,22.8,22.08,27367,61646252.0,3.21,0.94,0.21,0.9
3527,2017-03-06,000925SZ,22.61,22.84,22.95,22.41,27830,63446564.0,2.39,0.88,0.2,0.91
3528,2017-03-07,000925SZ,22.91,22.88,23.48,22.81,90274,208014290.0,2.93,0.18,0.04,2.95
3529,2017-03-08,000925SZ,22.8,22.81,23.04,22.75,51386,117697100.0,1.27,-0.31,-0.07,1.68
3530,2017-03-09,000925SZ,22.72,23.58,24.45,22.45,101950,239408101.0,8.77,3.38,0.77,3.34
3531,2017-03-10,000925SZ,23.39,24.02,24.16,23.34,85116,203829523.0,3.48,1.87,0.44,2.79
3532,2017-03-13,000925SZ,23.82,24.15,24.47,23.82,59738,144512485.0,2.71,0.54,0.13,1.96
3533,2017-03-14,000925SZ,24.1,24.0,24.33,23.86,36852,88468240.0,1.95,-0.62,-0.15,1.21
3534,2017-03-15,000925SZ,23.92,24.73,24.93,23.8,76842,188613400.0,4.71,3.04,0.73,2.52
3535,2017-03-16,000925SZ,24.79,25.23,25.62,24.61,72246,182379009.0,4.08,2.02,0.5,2.36
3536,2017-03-17,000925SZ,25.2,24.68,25.68,24.58,57963,144677550.0,4.36,-2.18,-0.55,1.9
3537,2017-03-20,000925SZ,24.58,24.83,25.15,24.38,43228,106646618.0,3.12,0.61,0.15,1.41
3538,2017-03-21,000925SZ,24.83,24.65,24.89,24.56,21891,54059056.0,1.33,-0.72,-0.18,0.72
3539,2017-03-22,000925SZ,24.54,25.29,25.39,24.5,62925,157494520.0,3.61,2.6,0.64,2.06
3540,2017-03-23,000925SZ,25.28,24.43,25.3,23.95,71925,177237746.0,5.34,-3.4,-0.86,2.35
3541,2017-03-24,000925SZ,24.44,24.45,24.6,24.1,33152,80774473.0,2.05,0.08,0.02,1.09
3542,2017-03-27,000925SZ,24.48,24.7,24.74,23.95,37903,91819302.0,3.23,1.02,0.25,1.24
3543,2017-03-28,000925SZ,24.64,24.06,24.65,23.98,32169,77705945.0,2.71,-2.59,-0.64,1.05
3544,2017-03-29,000925SZ,24.06,23.48,24.16,23.45,40525,95858233.0,2.95,-2.41,-0.58,1.33
3545,2017-03-30,000925SZ,23.58,23.48,23.85,23.2,29053,68300850.0,2.77,0.0,0.0,0.95
3546,2017-03-31,000925SZ,23.55,23.58,23.75,23.39,13993,32936208.0,1.53,0.43,0.1,0.46
3547,2017-04-05,000925SZ,23.92,23.85,23.95,23.34,24704,58611699.0,2.59,1.15,0.27,0.81
3548,2017-04-06,000925SZ,24.0,24.18,24.55,23.71,54419,131421272.0,3.52,1.38,0.33,1.78
3549,2017-04-07,000925SZ,24.17,23.81,24.35,23.74,30961,74082465.0,2.52,-1.53,-0.37,1.01
3550,2017-04-10,000925SZ,24.05,24.63,25.1,24.05,80697,199064435.0,4.41,3.44,0.82,2.64
3551,2017-04-11,000925SZ,24.63,24.74,25.15,24.19,44882,110271018.0,3.9,0.45,0.11,1.47
3552,2017-04-12,000925SZ,24.76,24.14,24.84,24.06,36519,89198094.0,3.15,-2.43,-0.6,1.2
3553,2017-04-13,000925SZ,24.14,24.14,24.36,24.0,21755,52658186.0,1.49,0.0,0.0,0.71
3554,2017-04-14,000925SZ,24.38,24.0,24.72,23.79,32957,80000571.0,3.85,-0.58,-0.14,1.08
3555,2017-04-17,000925SZ,23.83,23.35,23.97,23.16,41967,97978373.0,3.38,-2.71,-0.65,1.37
3556,2017-04-18,000925SZ,23.34,23.05,23.52,22.87,37063,85523825.0,2.78,-1.28,-0.3,1.21
3557,2017-04-19,000925SZ,22.95,23.02,23.1,22.71,40670,93219342.0,1.69,-0.13,-0.03,1.33
3558,2017-04-20,000925SZ,23.15,23.04,23.34,22.97,13816,31856810.0,1.61,0.09,0.02,0.45
3559,2017-04-21,000925SZ,23.05,23.09,23.27,22.91,22327,51495743.0,1.56,0.22,0.05,0.73
3560,2017-04-24,000925SZ,23.09,22.51,23.21,22.36,29538,67167541.0,3.68,-2.51,-0.58,0.97
3561,2017-04-25,000925SZ,22.52,22.76,23.0,22.52,27529,62516754.0,2.13,1.11,0.25,0.9
3562,2017-04-26,000925SZ,22.85,22.22,22.86,22.12,17295,38853653.0,3.25,-2.37,-0.54,0.57
3563,2017-04-27,000925SZ,22.24,23.2,23.26,22.24,29205,66696997.0,4.59,4.41,0.98,0.96
3564,2017-04-28,000925SZ,23.0,23.16,23.49,22.93,29686,68867708.0,2.41,-0.17,-0.04,0.97
3565,2017-05-02,000925SZ,23.45,23.95,24.05,23.4,39894,94981566.0,2.81,3.41,0.79,1.31
3566,2017-05-03,000925SZ,23.99,24.06,24.28,23.76,27981,67296866.0,2.17,0.46,0.11,0.92
3567,2017-05-04,000925SZ,24.06,24.18,24.49,23.88,28119,68135682.0,2.54,0.5,0.12,0.92
3568,2017-05-05,000925SZ,24.15,23.44,24.26,23.34,28849,68348092.0,3.8,-3.06,-0.74,0.94
3569,2017-05-08,000925SZ,23.44,22.73,23.44,22.65,18051,41273578.0,3.37,-3.03,-0.71,0.59
3570,2017-05-09,000925SZ,22.93,22.7,22.93,22.29,16208,36560824.0,2.82,-0.13,-0.03,0.53
3571,2017-05-10,000925SZ,22.67,22.26,22.97,22.26,16293,36846886.0,3.13,-1.94,-0.44,0.53
3572,2017-05-11,000925SZ,22.16,22.3,22.44,20.03,140993,293306960.0,10.83,0.18,0.04,4.62
3573,2017-05-12,000925SZ,22.13,21.47,22.13,20.91,58060,123441780.0,5.47,-3.72,-0.83,1.9
3574,2017-05-15,000925SZ,21.1,21.5,21.56,21.1,16262,34614428.0,2.14,0.14,0.03,0.53
3575,2017-05-16,000925SZ,21.34,22.01,22.48,21.34,31789,69714394.0,5.3,2.37,0.51,1.04
3576,2017-05-17,000925SZ,22.07,21.91,22.45,21.79,19434,42942212.0,3.0,-0.45,-0.1,0.64
3577,2017-05-18,000925SZ,21.52,21.69,22.2,21.5,19442,42412226.0,3.19,-1.0,-0.22,0.64
3578,2017-05-19,000925SZ,21.69,21.77,22.03,21.5,8303,18093503.0,2.44,0.37,0.08,0.27
3579,2017-05-22,000925SZ,21.75,21.97,22.13,20.93,21263,46335459.0,5.51,0.92,0.2,0.7
3580,2017-05-23,000925SZ,21.89,21.61,21.92,21.26,20457,44185810.0,3.0,-1.64,-0.36,0.67
3581,2017-05-24,000925SZ,21.61,20.97,21.66,20.62,15485,32575841.0,4.81,-2.96,-0.64,0.51
3582,2017-05-25,000925SZ,21.3,20.99,21.3,20.83,21715,45537122.0,2.24,0.1,0.02,0.71
3583,2017-05-26,000925SZ,20.97,20.38,21.07,20.21,26051,53591536.0,4.1,-2.91,-0.61,0.85
3584,2017-05-31,000925SZ,20.88,20.04,20.88,19.99,19897,40450090.0,4.37,-1.67,-0.34,0.65
3585,2017-06-01,000925SZ,19.98,20.29,20.59,19.37,31224,62494336.0,6.09,1.25,0.25,1.02
3586,2017-06-02,000925SZ,20.29,20.2,20.55,19.6,30717,61531956.0,4.68,-0.44,-0.09,1.01
3587,2017-06-05,000925SZ,20.12,20.9,22.22,19.87,50620,104793772.0,11.63,3.47,0.7,1.66
3588,2017-06-06,000925SZ,20.51,20.62,21.05,20.29,35426,73069823.0,3.64,-1.34,-0.28,1.16
3589,2017-06-07,000925SZ,20.46,20.7,20.95,20.46,33763,69987254.0,2.38,0.39,0.08,1.11
3590,2017-06-08,000925SZ,20.7,20.7,20.86,20.31,25499,52389138.0,2.66,0.0,0.0,0.83
3591,2017-06-09,000925SZ,20.5,21.5,21.72,20.5,63296,134255801.0,5.89,3.86,0.8,2.07
3592,2017-06-12,000925SZ,21.49,21.14,21.69,21.12,31860,67903245.0,2.65,-1.67,-0.36,1.04
3593,2017-06-13,000925SZ,20.96,21.16,21.31,20.95,21311,45141314.0,1.7,0.09,0.02,0.7
3594,2017-06-14,000925SZ,21.11,21.16,21.35,21.0,15260,32267586.0,1.65,0.0,0.0,0.5
3595,2017-06-15,000925SZ,21.1,21.08,21.32,20.89,16275,34269092.0,2.03,-0.38,-0.08,0.53
3596,2017-06-16,000925SZ,21.15,20.8,21.18,20.67,19475,40548868.0,2.42,-1.33,-0.28,0.64
3597,2017-06-19,000925SZ,20.79,20.6,20.96,20.59,14042,29142427.0,1.78,-0.96,-0.2,0.46
3598,2017-06-20,000925SZ,20.6,20.7,20.81,20.52,18277,37813495.0,1.41,0.49,0.1,0.6
3599,2017-06-21,000925SZ,20.8,21.0,21.05,20.66,19819,41424374.0,1.88,1.45,0.3,0.65
3600,2017-06-22,000925SZ,21.0,21.0,21.22,20.87,17347,36571394.0,1.67,0.0,0.0,0.57
3601,2017-06-23,000925SZ,20.61,20.82,21.3,20.51,13695,28672588.0,3.76,-0.86,-0.18,0.45
3602,2017-06-26,000925SZ,20.58,21.38,22.03,20.1,56882,119920665.0,9.27,2.69,0.56,1.86
3603,2017-06-27,000925SZ,21.19,21.39,21.9,21.16,36875,78906891.0,3.46,0.05,0.01,1.21
3604,2017-06-28,000925SZ,21.26,20.97,21.42,20.96,17330,36592389.0,2.15,-1.96,-0.42,0.57
3605,2017-06-29,000925SZ,21.13,20.76,21.13,20.61,19382,40261744.0,2.48,-1.0,-0.21,0.63
3606,2017-06-30,000925SZ,20.83,20.77,20.84,20.56,10334,21378114.0,1.35,0.05,0.01,0.34
3607,2017-07-03,000925SZ,20.75,20.79,20.9,20.64,8625,17874089.0,1.25,0.1,0.02,0.28
3608,2017-07-04,000925SZ,20.79,20.56,20.8,20.51,8217,16983687.0,1.39,-1.11,-0.23,0.27
3609,2017-07-05,000925SZ,20.58,20.84,20.94,20.44,17557,36507497.0,2.43,1.36,0.28,0.57
3610,2017-07-06,000925SZ,20.85,20.64,20.98,20.5,20271,42031357.0,2.3,-0.96,-0.2,0.66
3611,2017-07-07,000925SZ,20.57,20.4,20.68,20.38,15523,31856914.0,1.45,-1.16,-0.24,0.51
3612,2017-07-10,000925SZ,20.43,20.35,20.83,20.34,15427,31772026.0,2.4,-0.25,-0.05,0.51
3613,2017-07-11,000925SZ,20.36,19.93,20.57,19.9,16739,33699424.0,3.29,-2.06,-0.42,0.55
3614,2017-07-12,000925SZ,19.96,18.72,20.05,18.3,62469,118599449.0,8.78,-6.07,-1.21,2.05
3615,2017-07-13,000925SZ,18.77,18.67,19.2,18.6,23707,44446855.0,3.21,-0.27,-0.05,0.78
3616,2017-07-14,000925SZ,18.65,19.15,19.32,18.5,28942,55032389.0,4.39,2.57,0.48,0.95
3617,2017-07-17,000925SZ,18.86,18.5,18.99,18.3,37379,69840688.0,3.6,-3.39,-0.65,1.22
3618,2017-07-18,000925SZ,18.31,17.33,18.58,16.65,60825,105191033.0,10.43,-6.32,-1.17,1.99
3619,2017-07-19,000925SZ,17.24,16.76,17.24,16.6,55452,93009152.0,3.69,-3.29,-0.57,1.82
3620,2017-07-20,000925SZ,16.75,16.88,17.87,16.75,32486,55263291.0,6.68,0.72,0.12,1.06
3621,2017-07-21,000925SZ,16.97,16.6,16.97,16.5,29088,48801873.0,2.78,-1.66,-0.28,0.95
3622,2017-07-24,000925SZ,16.89,17.6,17.85,16.65,36190,62580157.0,7.23,6.02,1.0,1.18
3623,2017-07-25,000925SZ,17.6,17.58,17.9,17.5,17517,30913368.0,2.27,-0.11,-0.02,0.57
3624,2017-07-26,000925SZ,17.89,17.52,17.95,17.42,10146,17885210.0,3.01,-0.34,-0.06,0.33
3625,2017-07-27,000925SZ,17.52,17.77,18.0,17.46,16222,28714515.0,3.08,1.43,0.25,0.53
3626,2017-07-28,000925SZ,17.82,17.6,18.23,17.5,17598,31440528.0,4.11,-0.96,-0.17,0.58
3627,2017-07-31,000925SZ,17.64,17.69,17.82,17.41,10015,17625162.0,2.33,0.51,0.09,0.33
3628,2017-08-01,000925SZ,17.62,17.38,17.75,17.35,12885,22485626.0,2.26,-1.75,-0.31,0.42
3629,2017-08-02,000925SZ,17.56,17.25,17.56,17.03,19177,33062680.0,3.05,-0.75,-0.13,0.63
3630,2017-08-03,000925SZ,17.26,17.11,17.31,17.09,9414,16145935.0,1.28,-0.81,-0.14,0.31
3631,2017-08-04,000925SZ,17.19,16.77,17.19,16.77,16561,27973430.0,2.45,-1.99,-0.34,0.54
3632,2017-08-07,000925SZ,16.77,16.81,16.89,16.45,18348,30698434.0,2.62,0.24,0.04,0.6
3633,2017-08-08,000925SZ,16.82,16.77,16.93,16.0,19365,32176017.0,5.53,-0.24,-0.04,0.63
3634,2017-08-09,000925SZ,16.7,15.68,16.7,15.61,72080,115341383.0,6.5,-6.5,-1.09,2.36
3635,2017-08-10,000925SZ,15.61,15.83,15.98,14.11,63275,96579650.0,11.93,0.96,0.15,2.07
3636,2017-08-11,000925SZ,15.45,15.8,15.99,15.21,33736,53031352.0,4.93,-0.19,-0.03,1.1
3637,2017-08-14,000925SZ,15.7,16.06,16.3,15.7,24230,38895155.0,3.8,1.65,0.26,0.79
3638,2017-08-15,000925SZ,16.07,15.9,16.35,15.75,19359,30900756.0,3.74,-1.0,-0.16,0.63
3639,2017-08-16,000925SZ,15.97,16.08,16.13,15.83,24510,39341868.0,1.89,1.13,0.18,0.8
3640,2017-08-17,000925SZ,16.08,16.8,17.6,16.05,70278,117995554.0,9.64,4.48,0.72,2.3
3641,2017-08-18,000925SZ,16.79,17.27,17.54,16.56,74792,128928098.0,5.83,2.8,0.47,2.45
3642,2017-08-21,000925SZ,17.3,18.0,18.12,17.3,71272,127274914.0,4.75,4.23,0.73,2.33
3643,2017-08-22,000925SZ,18.01,18.06,18.17,17.58,42904,76600299.0,3.28,0.33,0.06,1.4
3644,2017-08-23,000925SZ,18.06,17.6,18.06,17.6,23329,41367264.0,2.55,-2.55,-0.46,0.76
3645,2017-08-24,000925SZ,17.62,17.47,17.8,17.35,20967,36722326.0,2.56,-0.74,-0.13,0.69
3646,2017-08-25,000925SZ,17.55,17.54,17.75,17.42,18619,32746302.0,1.89,0.4,0.07,0.61
3647,2017-08-28,000925SZ,17.41,17.92,17.94,17.4,32637,57698599.0,3.08,2.17,0.38,1.07
3648,2017-08-29,000925SZ,18.0,17.66,18.35,17.63,21370,38341628.0,4.02,-1.45,-0.26,0.7
3649,2017-08-30,000925SZ,17.66,17.84,17.94,17.45,20712,36581296.0,2.77,1.02,0.18,0.68
3650,2017-08-31,000925SZ,17.75,17.72,17.84,17.65,9490,16821760.0,1.07,-0.67,-0.12,0.31
3651,2017-09-01,000925SZ,17.7,17.8,17.94,17.58,18893,33516106.0,2.03,0.45,0.08,0.62
3652,2017-09-04,000925SZ,17.89,18.01,18.08,17.53,27294,48567503.0,3.09,1.18,0.21,0.89
3653,2017-09-05,000925SZ,18.01,18.06,18.15,17.82,30825,55535004.0,1.83,0.28,0.05,1.01
3654,2017-09-06,000925SZ,18.09,18.52,18.62,17.9,47555,86667100.0,3.99,2.55,0.46,1.56
3655,2017-09-07,000925SZ,18.52,18.26,18.83,18.22,26190,48434012.0,3.29,-1.4,-0.26,0.86
3656,2017-09-08,000925SZ,18.26,18.45,18.65,18.24,19101,35227465.0,2.25,1.04,0.19,0.63
3657,2017-09-11,000925SZ,18.55,18.35,18.7,18.31,30941,57019905.0,2.11,-0.54,-0.1,1.01
3658,2017-09-12,000925SZ,18.28,17.72,18.53,17.58,53314,95026531.0,5.18,-3.43,-0.63,1.75
3659,2017-09-13,000925SZ,17.59,17.27,17.74,17.06,33630,58056375.0,3.84,-2.54,-0.45,1.1
3660,2017-09-14,000925SZ,17.25,17.29,17.57,17.16,17747,30781790.0,2.37,0.12,0.02,0.58
3661,2017-09-15,000925SZ,17.19,17.48,17.65,17.19,17161,30044834.0,2.66,1.1,0.19,0.56
3662,2017-09-18,000925SZ,17.36,17.52,17.79,17.35,17265,30291534.0,2.52,0.23,0.04,0.57
3663,2017-09-19,000925SZ,17.52,17.33,17.54,17.1,28551,49341097.0,2.51,-1.08,-0.19,0.93
3664,2017-09-20,000925SZ,17.22,17.3,17.5,16.8,23273,39791572.0,4.04,-0.17,-0.03,0.76
3665,2017-09-21,000925SZ,17.29,17.48,17.61,17.13,22379,39023233.0,2.77,1.04,0.18,0.73
3666,2017-09-22,000925SZ,17.38,17.4,17.56,17.2,19386,33779982.0,2.06,-0.46,-0.08,0.63
3667,2017-09-25,000925SZ,17.28,17.99,18.05,17.27,45831,81051996.0,4.48,3.39,0.59,1.5
3668,2017-09-26,000925SZ,17.99,17.67,17.99,17.48,37862,67086282.0,2.83,-1.78,-0.32,1.24
3669,2017-09-27,000925SZ,17.68,17.45,17.79,17.35,32434,56865848.0,2.49,-1.25,-0.22,1.06
3670,2017-09-28,000925SZ,17.58,17.07,17.58,17.05,33895,58601080.0,3.04,-2.18,-0.38,1.11
3671,2017-09-29,000925SZ,17.08,17.45,17.46,17.08,18276,31618841.0,2.23,2.23,0.38,0.6
3672,2017-10-09,000925SZ,17.7,17.39,17.7,17.31,26518,46281975.0,2.23,-0.34,-0.06,0.87
3673,2017-10-10,000925SZ,17.44,17.45,17.48,17.23,22591,39128887.0,1.44,0.35,0.06,0.74
3674,2017-10-11,000925SZ,17.45,17.89,18.85,17.44,69307,124068068.0,8.08,2.52,0.44,2.27
3675,2017-10-12,000925SZ,17.89,17.71,18.13,17.6,38971,69319891.0,2.96,-1.01,-0.18,1.28
3676,2017-10-13,000925SZ,17.68,17.81,17.97,17.5,37325,66303453.0,2.65,0.56,0.1,1.22
3677,2017-10-16,000925SZ,17.87,17.36,18.12,17.35,46374,82112999.0,4.32,-2.53,-0.45,1.52
3678,2017-10-17,000925SZ,17.23,17.58,17.62,16.92,50411,86609192.0,4.03,1.27,0.22,1.65
3679,2017-10-18,000925SZ,17.49,17.56,17.69,17.26,43367,75903413.0,2.45,-0.11,-0.02,1.42
3680,2017-10-19,000925SZ,17.55,17.07,17.55,17.05,21154,36522320.0,2.85,-2.79,-0.49,0.69
3681,2017-10-20,000925SZ,17.14,17.22,17.3,17.0,11553,19865995.0,1.76,0.88,0.15,0.38
3682,2017-10-23,000925SZ,17.13,17.3,17.4,17.1,16160,27867497.0,1.74,0.46,0.08,0.53
3683,2017-10-24,000925SZ,17.4,17.23,17.4,17.09,13018,22379494.0,1.79,-0.4,-0.07,0.43
3684,2017-10-25,000925SZ,17.12,17.21,17.33,17.12,9210,15883011.0,1.22,-0.12,-0.02,0.3
3685,2017-10-26,000925SZ,17.16,17.68,17.7,17.0,49588,86497670.0,4.07,2.73,0.47,1.62
3686,2017-10-27,000925SZ,17.68,17.27,17.68,17.11,27295,47509626.0,3.22,-2.32,-0.41,0.89
3687,2017-10-30,000925SZ,17.27,16.45,17.4,16.3,33497,56810517.0,6.37,-4.75,-0.82,1.1
3688,2017-10-31,000925SZ,16.46,16.6,16.87,16.34,17451,28961408.0,3.22,0.91,0.15,0.57
3689,2017-11-01,000925SZ,16.33,16.2,16.59,16.1,31253,50796894.0,2.95,-2.41,-0.4,1.02
3690,2017-11-02,000925SZ,16.21,16.12,16.21,15.85,24954,40036848.0,2.22,-0.49,-0.08,0.82
3691,2017-11-03,000925SZ,16.01,16.45,17.7,15.98,28509,47130685.0,10.67,2.05,0.33,0.93
3692,2017-11-06,000925SZ,16.44,16.21,16.49,16.07,19522,31709640.0,2.55,-1.46,-0.24,0.64
3693,2017-11-07,000925SZ,16.21,16.05,16.31,15.88,17742,28458279.0,2.65,-0.99,-0.16,0.58
3694,2017-11-08,000925SZ,16.12,16.01,16.12,15.85,21109,33746753.0,1.68,-0.25,-0.04,0.69
3695,2017-11-09,000925SZ,16.06,16.01,16.2,15.83,20543,32914384.0,2.31,0.0,0.0,0.67
3696,2017-11-10,000925SZ,16.01,15.9,16.04,15.54,38538,60727824.0,3.12,-0.69,-0.11,1.26
3697,2017-11-13,000925SZ,15.88,15.54,15.88,15.51,22346,34949144.0,2.33,-2.26,-0.36,0.73
3698,2017-11-14,000925SZ,15.59,16.38,16.55,15.4,80107,129495890.0,7.4,5.41,0.84,2.62
3699,2017-11-15,000925SZ,16.26,16.18,16.49,16.13,18200,29559314.0,2.2,-1.22,-0.2,0.6
3700,2017-11-16,000925SZ,16.2,16.15,16.47,16.07,18624,30348594.0,2.47,-0.19,-0.03,0.61
3701,2017-11-17,000925SZ,16.12,15.8,16.15,15.65,31023,49080363.0,3.1,-2.17,-0.35,1.02
3702,2017-11-20,000925SZ,15.8,15.57,15.8,15.38,14144,21897513.0,2.66,-1.46,-0.23,0.46
3703,2017-11-21,000925SZ,15.54,15.55,15.69,15.32,14745,22860209.0,2.38,-0.13,-0.02,0.48
3704,2017-11-22,000925SZ,15.58,15.56,15.64,15.36,12931,19988064.0,1.8,0.06,0.01,0.42
3705,2017-11-23,000925SZ,15.62,15.26,15.62,15.25,19349,29710855.0,2.38,-1.93,-0.3,0.63
3706,2017-11-24,000925SZ,15.34,15.15,15.35,14.99,16093,24412119.0,2.36,-0.72,-0.11,0.53
3707,2017-11-27,000925SZ,15.03,14.89,15.24,14.7,19419,29065970.0,3.56,-1.72,-0.26,0.64
3708,2017-11-28,000925SZ,14.98,14.87,15.07,14.78,15862,23591277.0,1.95,-0.13,-0.02,0.52
3709,2017-11-29,000925SZ,14.85,14.9,14.91,14.29,30378,44286628.0,4.17,0.2,0.03,0.99
3710,2017-11-30,000925SZ,14.86,14.75,15.17,14.63,16430,24430383.0,3.62,-1.01,-0.15,0.54
3711,2017-12-01,000925SZ,14.76,14.71,14.88,14.6,14905,21953989.0,1.9,-0.27,-0.04,0.49
3712,2017-12-04,000925SZ,14.6,14.5,14.68,14.3,19907,28740811.0,2.58,-1.43,-0.21,0.65
3713,2017-12-05,000925SZ,14.3,14.15,14.4,13.63,25562,36132474.0,5.31,-2.41,-0.35,0.84
3714,2017-12-06,000925SZ,14.15,14.14,14.22,13.62,21052,29308635.0,4.24,-0.07,-0.01,0.69
3715,2017-12-07,000925SZ,14.2,13.9,14.2,13.9,12926,18093548.0,2.12,-1.7,-0.24,0.42
3716,2017-12-08,000925SZ,13.88,13.93,14.06,13.86,11884,16592898.0,1.44,0.22,0.03,0.39
3717,2017-12-11,000925SZ,13.95,13.99,14.05,13.82,10182,14245621.0,1.65,0.43,0.06,0.33
3718,2017-12-12,000925SZ,14.0,13.94,14.31,13.92,18802,26524418.0,2.79,-0.36,-0.05,0.62
3719,2017-12-13,000925SZ,13.74,14.03,14.05,13.74,10235,14288848.0,2.22,0.65,0.09,0.34
3720,2017-12-14,000925SZ,14.03,14.01,14.19,13.91,14354,20149538.0,2.0,-0.14,-0.02,0.47
3721,2017-12-15,000925SZ,13.98,13.85,14.04,13.78,16850,23409463.0,1.86,-1.14,-0.16,0.55
3722,2017-12-18,000925SZ,13.85,13.99,14.0,13.78,10227,14223144.0,1.59,1.01,0.14,0.33
3723,2017-12-19,000925SZ,13.91,13.98,14.06,13.91,7531,10536250.0,1.07,-0.07,-0.01,0.25
3724,2017-12-20,000925SZ,13.95,14.0,14.08,13.92,16023,22436161.0,1.14,0.14,0.02,0.52
3725,2017-12-21,000925SZ,14.0,14.66,14.8,14.0,70002,101670470.0,5.71,4.71,0.66,2.29
3726,2017-12-22,000925SZ,14.6,15.07,15.12,14.5,64121,94709517.0,4.23,2.8,0.41,2.1
3727,2017-12-25,000925SZ,15.3,15.96,16.2,15.11,82916,131022534.0,7.23,5.91,0.89,2.71
3728,2017-12-26,000925SZ,16.08,16.1,16.15,15.16,104025,162534293.0,6.2,0.88,0.14,3.41
3729,2017-12-27,000925SZ,15.78,15.62,16.5,15.61,53029,84559762.0,5.53,-2.98,-0.48,1.74
3730,2017-12-28,000925SZ,15.59,15.36,15.78,15.27,38958,60015287.0,3.27,-1.66,-0.26,1.28
3731,2017-12-29,000925SZ,15.36,15.48,15.73,15.25,34652,53721587.0,3.13,0.78,0.12,1.13
3732,2018-01-02,000925SZ,15.46,15.82,16.02,15.39,27051,42634287.0,4.07,2.2,0.34,0.89
3733,2018-01-03,000925SZ,16.01,15.75,16.11,15.7,19757,31270617.0,2.59,-0.44,-0.07,0.65
3734,2018-01-04,000925SZ,15.76,15.82,16.0,15.66,25002,39407035.0,2.16,0.44,0.07,0.82
3735,2018-01-05,000925SZ,15.74,15.53,15.74,15.51,17089,26676245.0,1.45,-1.83,-0.29,0.56
3736,2018-01-08,000925SZ,15.55,15.36,15.6,15.29,17676,27141611.0,2.0,-1.09,-0.17,0.58
3737,2018-01-09,000925SZ,15.45,15.5,15.63,15.25,19267,29710261.0,2.47,0.91,0.14,0.63
3738,2018-01-10,000925SZ,15.5,15.65,15.85,15.35,36826,57624662.0,3.23,0.97,0.15,1.21
3739,2018-01-11,000925SZ,15.48,15.63,15.8,15.45,16378,25511594.0,2.24,-0.13,-0.02,0.54
3740,2018-01-12,000925SZ,15.66,15.32,15.73,15.31,14928,23043512.0,2.69,-1.98,-0.31,0.49
3741,2018-01-15,000925SZ,15.26,14.36,15.3,14.31,27597,40889791.0,6.46,-6.27,-0.96,0.9
3742,2018-01-16,000925SZ,14.2,14.12,14.48,13.95,26747,37891576.0,3.69,-1.67,-0.24,0.88
3743,2018-01-17,000925SZ,14.12,13.89,14.12,13.75,46186,64005379.0,2.62,-1.63,-0.23,1.51
3744,2018-01-18,000925SZ,13.82,13.85,13.99,13.75,22083,30617209.0,1.73,-0.29,-0.04,0.72
3745,2018-01-19,000925SZ,13.85,13.74,13.93,13.74,18945,26216228.0,1.37,-0.79,-0.11,0.62
3746,2018-01-22,000925SZ,13.74,13.72,13.82,13.53,17981,24647130.0,2.11,-0.15,-0.02,0.59
3747,2018-01-23,000925SZ,13.75,14.04,14.06,13.68,25805,35735758.0,2.77,2.33,0.32,0.84
3748,2018-01-24,000925SZ,14.0,13.95,14.09,13.81,17526,24425156.0,1.99,-0.64,-0.09,0.57
3749,2018-01-25,000925SZ,13.95,13.98,14.18,13.86,21173,29677036.0,2.29,0.22,0.03,0.69
3750,2018-01-26,000925SZ,13.99,14.07,14.28,13.96,20936,29569910.0,2.29,0.64,0.09,0.69
3751,2018-01-29,000925SZ,14.1,14.08,14.27,13.81,17627,24750048.0,3.27,0.07,0.01,0.58
3752,2018-01-30,000925SZ,13.92,14.0,14.1,13.87,12037,16801070.0,1.63,-0.57,-0.08,0.39
3753,2018-01-31,000925SZ,13.96,13.65,14.0,13.2,51914,70736229.0,5.71,-2.5,-0.35,1.7
3754,2018-02-01,000925SZ,13.61,12.29,13.77,12.29,75361,94558259.0,10.84,-9.96,-1.36,2.47
3755,2018-02-02,000925SZ,12.29,11.81,12.29,11.52,50836,59766840.0,6.27,-3.91,-0.48,1.66
3756,2018-02-05,000925SZ,11.5,11.11,11.81,11.1,33504,38357927.0,6.01,-5.93,-0.7,1.1
3757,2018-02-06,000925SZ,10.87,10.35,11.26,10.35,43815,47135753.0,8.19,-6.84,-0.76,1.43
3758,2018-02-07,000925SZ,10.59,10.64,11.14,10.25,40527,43563677.0,8.6,2.8,0.29,1.33
3759,2018-02-08,000925SZ,10.75,10.81,10.9,10.63,23727,25647532.0,2.54,1.6,0.17,0.78
3760,2018-02-09,000925SZ,10.62,10.59,10.89,10.37,28344,30169888.0,4.81,-2.04,-0.22,0.93
3761,2018-02-12,000925SZ,10.6,10.78,10.9,10.6,16230,17574413.0,2.83,1.79,0.19,0.53
3762,2018-02-13,000925SZ,10.9,10.65,10.99,10.63,14909,16115702.0,3.34,-1.21,-0.13,0.49
3763,2018-02-14,000925SZ,10.65,10.52,10.73,10.49,15841,16722906.0,2.25,-1.22,-0.13,0.52
3764,2018-02-22,000925SZ,10.63,10.84,10.9,10.53,18687,20025943.0,3.52,3.04,0.32,0.61
3765,2018-02-23,000925SZ,10.86,11.0,11.09,10.73,18647,20446521.0,3.32,1.48,0.16,0.61
3766,2018-02-26,000925SZ,10.92,11.28,11.39,10.92,18974,21208325.0,4.27,2.55,0.28,0.62
3767,2018-02-27,000925SZ,11.43,11.23,11.43,11.21,16209,18281314.0,1.95,-0.44,-0.05,0.53
3768,2018-02-28,000925SZ,11.08,11.24,11.37,11.08,17203,19297612.0,2.58,0.09,0.01,0.56
3769,2018-03-01,000925SZ,11.21,11.46,11.49,11.09,27098,30671920.0,3.56,1.96,0.22,0.89
3770,2018-03-02,000925SZ,11.37,11.51,11.65,11.36,23607,27222067.0,2.53,0.44,0.05,0.77
3771,2018-03-05,000925SZ,11.55,11.48,11.67,11.42,19003,21830237.0,2.17,-0.26,-0.03,0.62
3772,2018-03-06,000925SZ,11.49,11.75,11.79,11.4,26315,30385065.0,3.4,2.35,0.27,0.86
3773,2018-03-07,000925SZ,11.74,11.51,11.99,11.5,24149,28284176.0,4.17,-2.04,-0.24,0.79
3774,2018-03-08,000925SZ,11.44,11.64,11.67,11.41,19049,22072530.0,2.26,1.13,0.13,0.62
3775,2018-03-09,000925SZ,11.65,11.86,11.94,11.57,21591,25372328.0,3.18,1.89,0.22,0.71
3776,2018-03-12,000925SZ,12.12,12.08,12.34,12.03,33297,40570885.0,2.61,1.85,0.22,1.09
3777,2018-03-13,000925SZ,12.04,12.22,12.4,11.96,23575,28761488.0,3.64,1.16,0.14,0.77
3778,2018-03-14,000925SZ,12.33,12.13,12.33,12.06,17996,21873419.0,2.21,-0.74,-0.09,0.59
3779,2018-03-15,000925SZ,12.16,11.92,12.16,11.61,26523,31552920.0,4.53,-1.73,-0.21,0.87
3780,2018-03-16,000925SZ,12.0,11.92,12.09,11.82,13755,16491688.0,2.27,0.0,0.0,0.45
3781,2018-03-19,000925SZ,12.01,11.81,12.01,11.75,18982,22632030.0,2.18,-0.92,-0.11,0.62
3782,2018-03-20,000925SZ,11.68,11.78,11.86,11.53,26743,31265676.0,2.79,-0.25,-0.03,0.88
3783,2018-03-21,000925SZ,11.88,11.71,12.08,11.68,26619,31756130.0,3.4,-0.59,-0.07,0.87
3784,2018-03-22,000925SZ,11.71,12.88,12.88,11.63,91180,113993633.0,10.67,9.99,1.17,2.99
3785,2018-03-23,000925SZ,12.62,12.15,13.24,11.92,114932,145250295.0,10.25,-5.67,-0.73,3.76
3786,2018-03-26,000925SZ,11.8,12.02,12.11,10.95,52560,61174287.0,9.55,-1.07,-0.13,1.72
3787,2018-03-27,000925SZ,12.07,13.22,13.22,12.02,67147,87561816.0,9.98,9.98,1.2,2.2
3788,2018-03-28,000925SZ,13.58,13.25,13.83,13.16,162101,218731160.0,5.07,0.23,0.03,5.31
3789,2018-03-29,000925SZ,13.08,13.28,13.45,12.83,79335,104041410.0,4.68,0.23,0.03,2.6
3790,2018-03-30,000925SZ,13.15,13.25,13.45,12.99,64719,85649505.0,3.46,-0.23,-0.03,2.12
3791,2018-04-02,000925SZ,13.29,13.03,13.43,12.99,59619,78633102.0,3.32,-1.66,-0.22,1.95
3792,2018-04-03,000925SZ,12.76,12.7,12.94,12.54,42840,54379008.0,3.07,-2.53,-0.33,1.4
3793,2018-04-04,000925SZ,12.88,12.39,12.96,12.36,42708,53827511.0,4.72,-2.44,-0.31,1.4
3794,2018-04-09,000925SZ,12.36,12.25,12.37,12.0,30039,36594970.0,2.99,-1.13,-0.14,0.98
3795,2018-04-10,000925SZ,12.25,12.32,12.38,12.13,24377,29939682.0,2.04,0.57,0.07,0.8
3796,2018-04-11,000925SZ,12.36,12.22,12.44,12.21,29453,36211046.0,1.87,-0.81,-0.1,0.96
3797,2018-04-12,000925SZ,12.22,11.82,12.24,11.79,39681,47603535.0,3.68,-3.27,-0.4,1.3
3798,2018-04-13,000925SZ,11.73,11.99,12.16,11.73,32431,38915247.0,3.64,1.44,0.17,1.06
3799,2018-04-16,000925SZ,11.99,11.75,11.99,11.6,30386,35724161.0,3.25,-2.0,-0.24,0.99
3800,2018-04-17,000925SZ,11.67,11.38,11.82,11.36,25393,29410001.0,3.91,-3.15,-0.37,0.83
3801,2018-04-18,000925SZ,11.65,11.77,11.79,11.3,22279,25732227.0,4.31,3.43,0.39,0.73
3802,2018-04-19,000925SZ,11.75,12.39,12.95,11.73,112997,142895119.0,10.37,5.27,0.62,3.7
3803,2018-04-20,000925SZ,12.13,12.39,12.58,11.86,92901,114023320.0,5.81,0.0,0.0,3.04
3804,2018-04-23,000925SZ,12.39,12.6,12.65,12.19,78617,98161938.0,3.71,1.69,0.21,2.57
3805,2018-04-24,000925SZ,12.59,12.81,12.89,12.39,80111,101427251.0,3.97,1.67,0.21,2.62
3806,2018-04-25,000925SZ,12.8,12.89,13.3,12.59,90949,117117667.0,5.54,0.62,0.08,2.98
3807,2018-04-26,000925SZ,12.77,12.46,12.77,12.42,50614,63615501.0,2.72,-3.34,-0.43,1.66
3808,2018-04-27,000925SZ,12.7,12.09,12.7,12.01,54252,66591385.0,5.54,-2.97,-0.37,1.78
3809,2018-05-02,000925SZ,12.23,11.8,12.29,11.63,39079,46931909.0,5.46,-2.4,-0.29,1.28
3810,2018-05-03,000925SZ,11.81,11.8,11.89,11.43,59112,69029005.0,3.9,0.0,0.0,1.94
3811,2018-05-04,000925SZ,11.76,11.6,11.88,11.54,33335,38964154.0,2.88,-1.69,-0.2,1.09
3812,2018-05-07,000925SZ,11.6,11.78,11.87,11.6,51845,60842279.0,2.33,1.55,0.18,1.7
3813,2018-05-08,000925SZ,11.78,11.8,11.81,11.67,46501,54605235.0,1.19,0.17,0.02,1.52
3814,2018-05-09,000925SZ,11.82,12.41,12.98,11.8,163096,202433722.0,10.0,5.17,0.61,5.34
3815,2018-05-10,000925SZ,12.18,12.8,12.86,12.12,141735,178344378.0,5.96,3.14,0.39,4.64
3816,2018-05-11,000925SZ,12.7,12.69,12.9,12.54,95995,121666425.0,2.81,-0.86,-0.11,3.14
3817,2018-05-14,000925SZ,12.69,12.41,12.93,12.34,67803,85817024.0,4.65,-2.21,-0.28,2.22
3818,2018-05-15,000925SZ,12.55,12.72,12.76,12.38,59891,75332372.0,3.06,2.5,0.31,1.96
3819,2018-05-16,000925SZ,12.61,12.57,12.72,12.51,41499,52227543.0,1.65,-1.18,-0.15,1.36
3820,2018-05-17,000925SZ,12.58,12.66,12.68,12.35,41978,52482513.0,2.63,0.72,0.09,1.37
3821,2018-05-18,000925SZ,12.64,12.71,12.74,12.45,40925,51779223.0,2.29,0.39,0.05,1.34
3822,2018-05-21,000925SZ,12.85,12.89,12.96,12.65,87871,112901251.0,2.44,1.42,0.18,2.88
3823,2018-05-22,000925SZ,12.9,12.66,12.92,12.57,53107,67472686.0,2.72,-1.78,-0.23,1.74
3824,2018-05-23,000925SZ,12.6,12.48,12.6,12.39,43772,54663848.0,1.66,-1.42,-0.18,1.43
3825,2018-05-24,000925SZ,12.53,12.19,12.54,12.17,45228,55585357.0,2.96,-2.32,-0.29,1.48
3826,2018-05-25,000925SZ,12.18,11.88,12.26,11.8,50148,60065256.0,3.77,-2.54,-0.31,1.64
3827,2018-05-28,000925SZ,11.98,11.85,12.0,11.68,32218,38285675.0,2.69,-0.25,-0.03,1.05
3828,2018-05-29,000925SZ,11.91,11.8,11.96,11.77,33226,39405119.0,1.6,-0.42,-0.05,1.09
3829,2018-05-30,000925SZ,11.68,11.19,11.68,11.09,37309,42586957.0,5.0,-5.17,-0.61,1.22
3830,2018-05-31,000925SZ,11.28,11.18,11.37,11.12,34095,38329548.0,2.23,-0.09,-0.01,1.12
3831,2018-06-01,000925SZ,11.12,10.91,11.3,10.7,45830,50363046.0,5.37,-2.42,-0.27,1.5
3832,2018-06-04,000925SZ,10.97,10.7,11.06,10.65,37583,40619856.0,3.76,-1.92,-0.21,1.23
3833,2018-06-05,000925SZ,10.76,10.85,10.87,10.5,57525,61391274.0,3.46,1.4,0.15,1.88
3834,2018-06-06,000925SZ,10.88,10.92,11.29,10.84,74240,81704651.0,4.15,0.65,0.07,2.43
3835,2018-06-07,000925SZ,10.99,10.66,11.04,10.65,41533,44712752.0,3.57,-2.38,-0.26,1.36
3836,2018-06-08,000925SZ,10.68,10.24,10.71,10.03,66110,67979172.0,6.38,-3.94,-0.42,2.17
3837,2018-06-11,000925SZ,10.07,10.07,10.2,10.0,38235,38611252.0,1.95,-1.66,-0.17,1.25
3838,2018-06-12,000925SZ,10.11,10.1,10.17,10.03,42374,42787136.0,1.39,0.3,0.03,1.34
3839,2018-06-13,000925SZ,10.04,9.87,10.13,9.83,39265,39476357.0,2.97,-2.28,-0.23,1.25
3840,2018-06-14,000925SZ,9.94,10.15,10.29,9.91,58080,59038898.0,3.85,2.84,0.28,1.84
3841,2018-06-15,000925SZ,10.14,9.92,10.29,9.85,40735,41048940.0,4.33,-2.27,-0.23,1.29
3842,2018-06-19,000925SZ,9.79,8.93,9.88,8.93,61017,56334008.0,9.58,-9.98,-0.99,1.94
3843,2018-06-20,000925SZ,9.0,9.18,9.29,8.95,39218,35887756.0,3.81,2.8,0.25,1.24
3844,2018-06-21,000925SZ,6.56,5.92,6.7,5.9,102509,62366720.0,8.71,-35.51,-3.26,2.32
3845,2018-06-22,000925SZ,5.88,6.07,6.11,5.73,59969,35963731.0,6.42,2.53,0.15,1.36
3846,2018-06-25,000925SZ,6.16,6.1,6.24,6.08,47514,29272181.0,2.64,0.49,0.03,1.08
3847,2018-06-26,000925SZ,6.1,6.29,6.38,5.92,47191,29483218.0,7.54,3.11,0.19,1.07
3848,2018-06-27,000925SZ,6.26,6.23,6.33,6.17,37145,23178261.0,2.54,-0.95,-0.06,0.84
3849,2018-06-28,000925SZ,6.23,6.1,6.28,6.05,36427,22505252.0,3.69,-2.09,-0.13,0.83
3850,2018-06-29,000925SZ,6.14,6.2,6.25,6.05,74476,45920686.0,3.28,1.64,0.1,1.69
3851,2018-07-02,000925SZ,6.23,6.03,6.25,5.91,50379,30828241.0,5.48,-2.74,-0.17,1.14
3852,2018-07-03,000925SZ,6.05,6.24,6.24,5.98,72567,44787126.0,4.31,3.48,0.21,1.64
3853,2018-07-04,000925SZ,6.25,6.01,6.29,6.0,47954,29333134.0,4.65,-3.69,-0.23,1.09
3854,2018-07-05,000925SZ,6.01,5.83,6.08,5.8,48421,28887013.0,4.66,-3.0,-0.18,1.1
3855,2018-07-06,000925SZ,5.91,5.96,6.0,5.65,72414,42651723.0,6.0,2.23,0.13,1.64
3856,2018-07-09,000925SZ,5.97,6.1,6.13,5.92,55124,33457696.0,3.52,2.35,0.14,1.25
3857,2018-07-10,000925SZ,6.1,6.18,6.3,6.08,41628,25773305.0,3.61,1.31,0.08,0.94
3858,2018-07-11,000925SZ,6.11,6.04,6.12,5.97,37594,22729287.0,2.43,-2.27,-0.14,0.85
3859,2018-07-12,000925SZ,6.02,6.28,6.3,6.02,47932,29685162.0,4.64,3.97,0.24,1.09
3860,2018-07-13,000925SZ,6.4,6.29,6.4,6.14,57828,36046593.0,4.14,0.16,0.01,1.31
3861,2018-07-16,000925SZ,6.38,6.3,6.38,6.26,42105,26567006.0,1.91,0.16,0.01,0.95
3862,2018-07-17,000925SZ,6.37,6.32,6.37,6.21,39629,24957164.0,2.54,0.32,0.02,0.9
3863,2018-07-18,000925SZ,6.29,6.28,6.38,6.21,47249,29706384.0,2.69,-0.63,-0.04,1.07
3864,2018-07-19,000925SZ,6.22,6.16,6.26,6.08,38764,23891333.0,2.87,-1.91,-0.12,0.88
3865,2018-07-20,000925SZ,6.16,6.2,6.26,6.09,32329,19991299.0,2.76,0.65,0.04,0.73
3866,2018-07-23,000925SZ,6.24,6.35,6.35,6.18,36264,22754825.0,2.74,2.42,0.15,0.79
3867,2018-07-24,000925SZ,6.35,6.48,6.62,6.33,76041,49521467.0,4.57,2.05,0.13,1.66
3868,2018-07-25,000925SZ,6.48,6.94,6.96,6.45,111834,75584360.0,7.87,7.1,0.46,2.44
3869,2018-07-26,000925SZ,6.93,6.77,7.01,6.72,76085,51855271.0,4.18,-2.45,-0.17,1.66
3870,2018-07-27,000925SZ,6.74,6.75,6.84,6.7,37081,25125575.0,2.07,-0.3,-0.02,0.81
3871,2018-07-30,000925SZ,6.75,6.79,7.05,6.69,81561,56065852.0,5.33,0.59,0.04,1.78
3872,2018-07-31,000925SZ,6.78,6.66,6.78,6.51,56740,37739889.0,3.98,-1.91,-0.13,1.24
3873,2018-08-01,000925SZ,6.66,6.55,6.74,6.4,60653,39694139.0,5.11,-1.65,-0.11,1.33
3874,2018-08-02,000925SZ,6.51,6.32,6.51,6.2,48453,30570004.0,4.73,-3.51,-0.23,1.06
3875,2018-08-03,000925SZ,6.36,6.1,6.39,6.1,40176,25048748.0,4.59,-3.48,-0.22,0.88
3876,2018-08-06,000925SZ,6.08,5.97,6.15,5.8,30742,18494530.0,5.74,-2.13,-0.13,0.67
3877,2018-08-07,000925SZ,6.1,6.18,6.29,5.95,73444,45027869.0,5.7,3.52,0.21,1.61
3878,2018-08-08,000925SZ,6.25,6.2,6.27,6.11,39446,24377481.0,2.59,0.32,0.02,0.86
3879,2018-08-09,000925SZ,6.19,6.34,6.5,6.07,66437,42098772.0,6.94,2.26,0.14,1.45
3880,2018-08-10,000925SZ,6.42,6.3,6.46,6.28,44898,28535588.0,2.84,-0.63,-0.04,0.98
3881,2018-08-13,000925SZ,6.38,6.42,6.47,6.28,101528,64901053.0,3.02,1.9,0.12,2.22
3882,2018-08-14,000925SZ,6.34,6.34,6.43,6.3,44696,28380087.0,2.02,-1.25,-0.08,0.98
3883,2018-08-15,000925SZ,6.36,6.14,6.38,6.13,42289,26389401.0,3.94,-3.15,-0.2,0.92
3884,2018-08-16,000925SZ,6.09,6.07,6.14,5.93,37231,22552885.0,3.42,-1.14,-0.07,0.81
3885,2018-08-17,000925SZ,6.12,5.97,6.15,5.95,37534,22627105.0,3.29,-1.65,-0.1,0.82
3886,2018-08-20,000925SZ,5.99,5.67,6.0,5.38,102766,57954034.0,10.39,-5.03,-0.3,2.25
3887,2018-08-21,000925SZ,5.66,5.56,5.7,5.48,84251,46951858.0,3.88,-1.94,-0.11,1.84
3888,2018-08-22,000925SZ,5.59,5.5,5.61,5.46,65007,36010026.0,2.7,-1.08,-0.06,1.42
3889,2018-08-23,000925SZ,5.47,5.48,5.54,5.43,53902,29590097.0,2.0,-0.36,-0.02,1.18
3890,2018-08-24,000925SZ,5.46,5.41,5.46,5.37,77406,41835359.0,1.64,-1.28,-0.07,1.69
3891,2018-08-27,000925SZ,5.42,5.57,5.62,5.4,63319,34892042.0,4.07,2.96,0.16,1.38
3892,2018-08-28,000925SZ,5.56,5.6,5.62,5.53,46797,26116182.0,1.62,0.54,0.03,1.02
3893,2018-08-29,000925SZ,5.6,5.57,5.61,5.53,30017,16711277.0,1.43,-0.54,-0.03,0.66
3894,2018-08-30,000925SZ,5.57,5.4,5.6,5.39,35854,19621789.0,3.77,-3.05,-0.17,0.78
3895,2018-08-31,000925SZ,5.4,5.46,5.53,5.38,41771,22827688.0,2.78,1.11,0.06,0.91
3896,2018-09-03,000925SZ,5.46,5.39,5.48,5.28,43798,23434194.0,3.66,-1.28,-0.07,0.96
3897,2018-09-04,000925SZ,5.39,5.51,5.51,5.37,35160,19165468.0,2.6,2.23,0.12,0.77
3898,2018-09-05,000925SZ,5.51,5.4,5.52,5.4,33069,18040219.0,2.18,-2.0,-0.11,0.72
3899,2018-09-06,000925SZ,5.4,5.41,5.46,5.35,24658,13347693.0,2.04,0.19,0.01,0.54
3900,2018-09-07,000925SZ,5.41,5.5,5.52,5.36,41670,22774299.0,2.96,1.66,0.09,0.91
3901,2018-09-10,000925SZ,5.49,5.39,5.49,5.37,32105,17354839.0,2.18,-2.0,-0.11,0.7
3902,2018-09-11,000925SZ,5.38,5.39,5.44,5.35,24274,13084654.0,1.67,0.0,0.0,0.53
3903,2018-09-12,000925SZ,5.39,5.41,5.44,5.36,22424,12126922.0,1.48,0.37,0.02,0.49
3904,2018-09-13,000925SZ,5.47,5.47,5.49,5.41,25643,13953727.0,1.48,1.11,0.06,0.56
3905,2018-09-14,000925SZ,5.48,5.61,5.87,5.45,98562,55609337.0,7.68,2.56,0.14,2.15
3906,2018-09-17,000925SZ,5.58,5.45,5.58,5.4,42744,23357122.0,3.21,-2.85,-0.16,0.93
3907,2018-09-18,000925SZ,5.35,5.53,5.55,5.35,45896,24959840.0,3.67,1.47,0.08,1.0
3908,2018-09-19,000925SZ,5.55,5.64,5.72,5.48,73684,41465306.0,4.34,1.99,0.11,1.61
3909,2018-09-20,000925SZ,5.65,5.67,5.67,5.54,47526,26646224.0,2.3,0.53,0.03,1.04
3910,2018-09-21,000925SZ,5.66,5.73,5.79,5.62,56739,32423681.0,3.0,1.06,0.06,1.24
3911,2018-09-25,000925SZ,5.67,5.65,5.71,5.59,29083,16439306.0,2.09,-1.4,-0.08,0.64
3912,2018-09-26,000925SZ,5.63,5.62,5.68,5.6,34244,19310295.0,1.42,-0.53,-0.03,0.75
3913,2018-09-27,000925SZ,5.64,5.47,5.66,5.47,32840,18190628.0,3.38,-2.67,-0.15,0.72
3914,2018-09-28,000925SZ,5.48,5.53,5.55,5.48,19273,10650406.0,1.28,1.1,0.06,0.42
3915,2018-10-08,000925SZ,5.45,5.31,5.47,5.3,30764,16532044.0,3.07,-3.98,-0.22,0.67
3916,2018-10-09,000925SZ,5.32,5.32,5.38,5.3,17141,9136884.0,1.51,0.19,0.01,0.37
3917,2018-10-10,000925SZ,5.35,5.29,5.37,5.26,18069,9591075.0,2.07,-0.56,-0.03,0.39
3918,2018-10-11,000925SZ,5.16,4.76,5.17,4.76,61856,30330406.0,7.75,-10.02,-0.53,1.35
3919,2018-10-12,000925SZ,4.6,4.54,4.74,4.33,79206,35844305.0,8.61,-4.62,-0.22,1.73
3920,2018-10-15,000925SZ,4.58,4.41,4.59,4.4,37194,16716174.0,4.19,-2.86,-0.13,0.81
3921,2018-10-16,000925SZ,4.44,4.36,4.48,4.33,27114,11933051.0,3.4,-1.13,-0.05,0.59
3922,2018-10-17,000925SZ,4.44,4.4,4.47,4.22,41287,17946039.0,5.73,0.92,0.04,0.9
3923,2018-10-18,000925SZ,4.37,4.46,4.72,4.28,64260,28553062.0,10.0,1.36,0.06,1.4
3924,2018-10-19,000925SZ,4.38,4.44,4.53,4.25,74162,32514688.0,6.28,-0.45,-0.02,1.62
3925,2018-10-22,000925SZ,4.46,4.63,4.72,4.44,92693,42674673.0,6.31,4.28,0.19,2.03
3926,2018-10-23,000925SZ,4.63,4.56,4.69,4.54,54375,25041105.0,3.24,-1.51,-0.07,1.19
3927,2018-10-24,000925SZ,4.55,4.58,4.62,4.53,32651,14940393.0,1.97,0.44,0.02,0.71
3928,2018-10-25,000925SZ,4.48,4.57,4.62,4.38,56009,24973564.0,5.24,-0.22,-0.01,1.22
3929,2018-10-26,000925SZ,4.57,4.57,4.67,4.55,34266,15761580.0,2.63,0.0,0.0,0.75
3930,2018-10-29,000925SZ,4.57,4.61,4.68,4.56,42606,19670574.0,2.63,0.88,0.04,0.93
3931,2018-10-30,000925SZ,4.64,4.67,4.71,4.52,54727,25344968.0,4.12,1.3,0.06,1.2
3932,2018-10-31,000925SZ,4.69,4.71,4.75,4.67,66178,31193981.0,1.71,0.86,0.04,1.45
3933,2018-11-01,000925SZ,4.76,4.73,4.88,4.72,76461,36711833.0,3.4,0.42,0.02,1.67
3934,2018-11-02,000925SZ,4.81,4.85,4.87,4.75,80040,38482607.0,2.54,2.54,0.12,1.75
3935,2018-11-05,000925SZ,4.85,4.86,4.92,4.78,78164,37858278.0,2.89,0.21,0.01,1.71
3936,2018-11-06,000925SZ,4.9,4.98,5.07,4.82,130647,64805980.0,5.14,2.47,0.12,2.86
3937,2018-11-07,000925SZ,4.95,4.88,4.97,4.85,89777,44201457.0,2.41,-2.01,-0.1,1.96
3938,2018-11-08,000925SZ,4.93,5.28,5.37,4.85,335485,176526946.0,10.66,8.2,0.4,7.33
3939,2018-11-09,000925SZ,5.11,5.05,5.16,5.03,202749,103074678.0,2.46,-4.36,-0.23,4.43
3940,2018-11-12,000925SZ,5.01,5.15,5.19,4.95,132957,67732092.0,4.75,1.98,0.1,2.91
3941,2018-11-13,000925SZ,5.06,5.32,5.4,5.05,166630,87263147.0,6.8,3.3,0.17,3.64
3942,2018-11-14,000925SZ,5.33,5.3,5.49,5.26,151540,80970289.0,4.32,-0.38,-0.02,3.31
3943,2018-11-15,000925SZ,5.3,5.37,5.4,5.27,96250,51434536.0,2.45,1.32,0.07,2.1
3944,2018-11-16,000925SZ,5.36,5.51,5.69,5.34,140798,77211124.0,6.52,2.61,0.14,3.08
3945,2018-11-19,000925SZ,5.51,5.53,5.58,5.4,115084,63270143.0,3.27,0.36,0.02,2.52
3946,2018-11-20,000925SZ,5.46,5.25,5.48,5.19,106333,56980674.0,5.24,-5.06,-0.28,2.32
3947,2018-11-21,000925SZ,5.18,5.3,5.37,5.13,65597,34507687.0,4.57,0.95,0.05,1.43
3948,2018-11-22,000925SZ,5.31,5.33,5.42,5.3,71076,38088973.0,2.26,0.57,0.03,1.55
3949,2018-11-23,000925SZ,5.33,4.98,5.33,4.94,91434,46711602.0,7.32,-6.57,-0.35,2.0
3950,2018-11-26,000925SZ,4.97,5.03,5.1,4.97,47325,23898422.0,2.61,1.0,0.05,1.03
3951,2018-11-27,000925SZ,5.12,5.15,5.25,5.08,69283,35816772.0,3.38,2.39,0.12,1.51
3952,2018-11-28,000925SZ,5.21,5.31,5.45,5.16,118622,62986575.0,5.63,3.11,0.16,2.59
3953,2018-11-29,000925SZ,5.3,5.13,5.32,5.13,79629,41745131.0,3.58,-3.39,-0.18,1.74
3954,2018-11-30,000925SZ,5.15,5.12,5.17,4.98,61942,31524970.0,3.7,-0.19,-0.01,1.35
3955,2018-12-03,000925SZ,5.23,5.37,5.43,5.2,93548,49733573.0,4.49,4.88,0.25,2.04
3956,2018-12-04,000925SZ,5.38,5.4,5.43,5.32,80398,43224414.0,2.05,0.56,0.03,1.76
3957,2018-12-05,000925SZ,5.32,5.36,5.43,5.28,58431,31230711.0,2.78,-0.74,-0.04,1.28
3958,2018-12-06,000925SZ,5.33,5.26,5.35,5.15,69098,36288666.0,3.73,-1.87,-0.1,1.51
3959,2018-12-07,000925SZ,5.31,5.37,5.45,5.16,102422,54683326.0,5.51,2.09,0.11,2.24
3960,2018-12-10,000925SZ,5.29,5.18,5.31,5.12,74517,38891789.0,3.54,-3.54,-0.19,1.63
3961,2018-12-11,000925SZ,5.18,5.23,5.25,5.15,33561,17497329.0,1.93,0.97,0.05,0.73
3962,2018-12-12,000925SZ,5.27,5.49,5.72,5.22,209468,114307554.0,9.56,4.97,0.26,4.58
3963,2018-12-13,000925SZ,5.48,5.8,6.04,5.43,406612,237362285.0,11.11,5.65,0.31,8.89
3964,2018-12-14,000925SZ,5.72,6.05,6.29,5.62,459403,272169520.0,11.55,4.31,0.25,10.04
3965,2018-12-17,000925SZ,5.91,6.0,6.05,5.85,261735,155691396.0,3.31,-0.83,-0.05,5.72
3966,2018-12-18,000925SZ,5.9,5.78,5.96,5.7,173960,101416427.0,4.33,-3.67,-0.22,3.8
3967,2018-12-19,000925SZ,5.8,5.74,5.86,5.67,119136,68475211.0,3.29,-0.69,-0.04,2.6
3968,2018-12-20,000925SZ,5.7,5.91,5.98,5.69,163382,94999348.0,5.05,2.96,0.17,3.57
3969,2018-12-21,000925SZ,5.83,5.77,5.94,5.73,102000,59471542.0,3.55,-2.37,-0.14,2.23
3970,2018-12-24,000925SZ,5.8,5.99,6.03,5.59,155962,91280043.0,7.63,3.81,0.22,3.41
3971,2018-12-25,000925SZ,5.98,6.22,6.28,5.85,278444,169452365.0,7.18,3.84,0.23,6.09
3972,2018-12-26,000925SZ,6.1,6.14,6.26,6.0,181957,111542995.0,4.18,-1.29,-0.08,3.98
3973,2018-12-27,000925SZ,6.2,5.84,6.23,5.78,151330,91039535.0,7.33,-4.89,-0.3,3.31
3974,2018-12-28,000925SZ,5.85,5.85,5.97,5.66,110511,64498326.0,5.31,0.17,0.01,2.42
3975,2019-01-02,000925SZ,5.84,5.76,5.94,5.72,63257,36714898.0,3.76,-1.54,-0.09,1.38
3976,2019-01-03,000925SZ,5.73,5.54,5.82,5.48,102761,57848504.0,5.9,-3.82,-0.22,2.25
3977,2019-01-04,000925SZ,5.47,5.63,5.72,5.38,91325,51150101.0,6.14,1.62,0.09,2.0
3978,2019-01-07,000925SZ,5.78,5.99,6.18,5.78,216156,129243590.0,7.1,6.39,0.36,4.73
3979,2019-01-08,000925SZ,6.08,6.1,6.24,6.01,249229,152672002.0,3.84,1.84,0.11,5.45
3980,2019-01-09,000925SZ,6.13,6.35,6.7,5.95,363971,231580095.0,12.3,4.1,0.25,7.96
3981,2019-01-10,000925SZ,6.35,6.29,6.5,6.23,200210,126799976.0,4.25,-0.94,-0.06,4.38
3982,2019-01-11,000925SZ,6.45,6.46,6.78,6.35,283985,185825193.0,6.84,2.7,0.17,6.21
3983,2019-01-14,000925SZ,6.35,6.35,6.55,6.29,148452,94701290.0,4.02,-1.7,-0.11,3.25
3984,2019-01-15,000925SZ,6.28,6.35,6.35,6.18,119352,74984418.0,2.68,0.0,0.0,2.61
3985,2019-01-16,000925SZ,6.28,6.44,6.61,6.28,170834,110829032.0,5.2,1.42,0.09,3.74
3986,2019-01-17,000925SZ,6.38,6.17,6.44,6.17,130081,81686993.0,4.19,-4.19,-0.27,2.84
3987,2019-01-18,000925SZ,6.22,6.18,6.26,6.07,82731,50961741.0,3.08,0.16,0.01,1.81
3988,2019-01-21,000925SZ,6.22,6.37,6.41,6.13,115578,72601671.0,4.53,3.07,0.19,2.53
3989,2019-01-22,000925SZ,6.53,6.32,6.55,6.26,132720,85124363.0,4.55,-0.78,-0.05,2.9
3990,2019-01-23,000925SZ,6.23,6.39,6.39,6.11,85122,53307312.0,4.43,1.11,0.07,1.86
3991,2019-01-24,000925SZ,6.35,6.6,6.6,6.25,165336,107098491.0,5.48,3.29,0.21,3.62
3992,2019-01-25,000925SZ,6.56,6.66,6.96,6.53,255036,173078186.0,6.52,0.91,0.06,5.58
3993,2019-01-28,000925SZ,6.65,6.85,6.86,6.42,184307,123512827.0,6.61,2.85,0.19,4.03
3994,2019-01-29,000925SZ,6.76,7.28,7.39,6.7,343066,242616075.0,10.07,6.28,0.43,7.5
3995,2019-01-30,000925SZ,7.14,6.75,7.28,6.6,269023,187978128.0,9.34,-7.28,-0.53,5.88
3996,2019-01-31,000925SZ,6.42,6.08,6.71,6.08,291097,185616589.0,9.33,-9.93,-0.67,6.37
3997,2019-02-01,000925SZ,6.15,6.17,6.24,6.05,121516,74858237.0,3.13,1.48,0.09,2.66
3998,2019-02-11,000925SZ,6.19,6.49,6.5,6.18,128377,81809085.0,5.19,5.19,0.32,2.81
3999,2019-02-12,000925SZ,6.54,6.59,6.62,6.42,125435,81868450.0,3.08,1.54,0.1,2.74
4000,2019-02-13,000925SZ,6.58,6.78,6.86,6.5,156706,105453299.0,5.46,2.88,0.19,3.43
4001,2019-02-14,000925SZ,6.87,6.77,6.89,6.65,125487,84603375.0,3.54,-0.15,-0.01,2.74
4002,2019-02-15,000925SZ,6.71,6.56,6.79,6.52,125715,83643771.0,3.99,-3.1,-0.21,2.75
4003,2019-02-18,000925SZ,6.64,6.89,6.91,6.6,160460,108730569.0,4.73,5.03,0.33,3.51
4004,2019-02-19,000925SZ,6.99,6.87,7.14,6.75,185326,128473824.0,5.66,-0.29,-0.02,4.05
4005,2019-02-20,000925SZ,6.91,6.8,6.96,6.66,110596,75037540.0,4.37,-1.02,-0.07,2.42
4006,2019-02-21,000925SZ,6.79,6.93,7.08,6.68,193900,134428599.0,5.88,1.91,0.13,4.24
4007,2019-02-22,000925SZ,6.96,7.26,7.33,6.95,237536,169849737.0,5.48,4.76,0.33,5.2
4008,2019-02-25,000925SZ,7.37,7.6,7.65,7.16,280107,207840162.0,6.75,4.68,0.34,6.13
4009,2019-02-26,000925SZ,7.58,7.39,7.6,7.26,268505,199280011.0,4.47,-2.76,-0.21,5.87
4010,2019-02-27,000925SZ,7.21,7.22,7.39,7.07,171160,124103762.0,4.33,-2.3,-0.17,3.74
4011,2019-02-28,000925SZ,7.23,7.2,7.3,7.11,95615,68763058.0,2.63,-0.28,-0.02,2.09
4012,2019-03-01,000925SZ,7.23,7.29,7.29,7.15,92927,67148621.0,1.94,1.25,0.09,2.03
4013,2019-03-04,000925SZ,7.35,7.29,7.46,7.23,197507,145416117.0,3.16,0.0,0.0,4.32
4014,2019-03-05,000925SZ,7.29,7.56,7.56,7.17,210297,155852107.0,5.35,3.7,0.27,4.6
4015,2019-03-06,000925SZ,7.58,7.9,8.25,7.57,308973,243278100.0,8.99,4.5,0.34,6.76
4016,2019-03-07,000925SZ,7.8,7.82,8.05,7.7,229184,179951337.0,4.43,-1.01,-0.08,5.01
4017,2019-03-08,000925SZ,7.61,8.01,8.55,7.5,363801,295212224.0,13.43,2.43,0.19,7.96
4018,2019-03-11,000925SZ,8.35,8.6,8.68,8.1,323446,270763312.0,7.24,7.37,0.59,7.07
4019,2019-03-12,000925SZ,8.55,8.84,9.17,8.45,393044,347299520.0,8.37,2.79,0.24,8.6
4020,2019-03-13,000925SZ,8.71,8.27,8.72,8.21,275582,234542303.0,5.77,-6.45,-0.57,6.03
4021,2019-03-14,000925SZ,8.17,8.48,8.48,8.06,211992,175584033.0,5.08,2.54,0.21,4.64
4022,2019-03-15,000925SZ,8.58,8.74,8.95,8.48,280463,245291053.0,5.54,3.07,0.26,6.13
4023,2019-03-18,000925SZ,8.75,8.74,8.84,8.33,189961,164307585.0,5.84,0.0,0.0,4.15
4024,2019-03-19,000925SZ,8.82,8.59,8.82,8.52,134125,115172876.0,3.43,-1.72,-0.15,2.93
4025,2019-03-20,000925SZ,8.64,8.31,8.66,8.16,182887,152772137.0,5.82,-3.26,-0.28,4.0
4026,2019-03-21,000925SZ,8.35,8.44,8.63,8.22,201169,170367086.0,4.93,1.56,0.13,4.4
4027,2019-03-22,000925SZ,8.32,8.3,8.41,8.15,144153,118984316.0,3.08,-1.66,-0.14,3.15
4028,2019-03-25,000925SZ,8.15,8.28,8.46,8.11,144252,119411222.0,4.22,-0.24,-0.02,3.15
4029,2019-03-26,000925SZ,8.28,8.25,8.42,8.17,133412,110637951.0,3.02,-0.36,-0.03,2.92
4030,2019-03-27,000925SZ,8.25,8.16,8.33,7.75,141230,114407692.0,7.03,-1.09,-0.09,3.09
4031,2019-03-28,000925SZ,8.18,7.85,8.22,7.84,118027,94721685.0,4.66,-3.8,-0.31,2.58
4032,2019-03-29,000925SZ,7.86,8.01,8.02,7.63,123788,97384599.0,4.97,2.04,0.16,2.71
4033,2019-04-01,000925SZ,8.09,8.32,8.44,8.09,133903,110847889.0,4.37,3.87,0.31,2.93
4034,2019-04-02,000925SZ,8.34,8.46,8.46,8.22,141633,118259667.0,2.88,1.68,0.14,3.1
4035,2019-04-03,000925SZ,8.4,8.46,8.51,8.35,106889,90163637.0,1.89,0.0,0.0,2.34
4036,2019-04-04,000925SZ,8.4,8.36,8.47,8.25,114284,95553944.0,2.6,-1.18,-0.1,2.5
4037,2019-04-08,000925SZ,8.36,8.54,8.66,8.26,172183,146169292.0,4.78,2.15,0.18,3.77
4038,2019-04-09,000925SZ,8.53,8.32,8.58,8.26,98391,82291479.0,3.75,-2.58,-0.22,2.15
4039,2019-04-10,000925SZ,8.23,8.13,8.23,8.09,94415,76916943.0,1.68,-2.28,-0.19,2.06
4040,2019-04-11,000925SZ,8.13,8.0,8.29,8.0,87061,70590941.0,3.57,-1.6,-0.13,1.9
4041,2019-04-12,000925SZ,7.97,7.94,8.09,7.89,55611,44377318.0,2.5,-0.75,-0.06,1.22
4042,2019-04-15,000925SZ,8.04,7.91,8.19,7.91,56348,45458655.0,3.53,-0.38,-0.03,1.23
4043,2019-04-16,000925SZ,7.92,8.17,8.17,7.86,69114,55599979.0,3.92,3.29,0.26,1.51
4044,2019-04-17,000925SZ,8.11,8.08,8.25,8.04,93022,75537261.0,2.57,-1.1,-0.09,2.03
4045,2019-04-18,000925SZ,8.08,7.94,8.1,7.92,82117,65676206.0,2.23,-1.73,-0.14,1.8
4046,2019-04-19,000925SZ,7.95,8.22,8.26,7.94,115833,93985157.0,4.03,3.53,0.28,2.53
4047,2019-04-22,000925SZ,8.2,8.03,8.26,8.0,73021,59046754.0,3.16,-2.31,-0.19,1.6
4048,2019-04-23,000925SZ,8.01,7.85,8.02,7.75,88377,69322256.0,3.36,-2.24,-0.18,1.93
4049,2019-04-24,000925SZ,7.9,7.83,7.91,7.7,55858,43526456.0,2.68,-0.25,-0.02,1.22
4050,2019-04-25,000925SZ,7.83,7.55,7.85,7.53,59186,45590349.0,4.09,-3.58,-0.28,1.29
4051,2019-04-26,000925SZ,7.54,7.68,7.68,7.01,89112,66022928.0,8.87,1.72,0.13,1.95
4052,2019-04-29,000925SZ,7.64,7.68,7.94,7.57,104490,81528038.0,4.82,0.0,0.0,2.29
4053,2019-04-30,000925SZ,7.55,7.37,7.82,7.31,75811,57154684.0,6.64,-4.04,-0.31,1.66
4054,2019-05-06,000925SZ,7.04,6.68,7.21,6.63,82790,57147038.0,7.87,-9.36,-0.69,1.81
4055,2019-05-07,000925SZ,6.88,6.71,6.88,6.48,67701,45205769.0,5.99,0.45,0.03,1.48
4056,2019-05-08,000925SZ,6.64,6.65,6.81,6.5,38442,25577828.0,4.62,-0.89,-0.06,0.84
4057,2019-05-09,000925SZ,6.53,6.54,6.71,6.5,50235,33177444.0,3.16,-1.65,-0.11,1.1
4058,2019-05-10,000925SZ,6.56,6.8,6.8,6.42,75237,50461750.0,5.81,3.98,0.26,1.65
4059,2019-05-13,000925SZ,6.75,6.91,6.95,6.71,56622,38907881.0,3.53,1.62,0.11,1.24
4060,2019-05-14,000925SZ,6.82,6.81,6.94,6.75,63554,43689165.0,2.75,-1.45,-0.1,1.39
4061,2019-05-15,000925SZ,6.9,7.04,7.13,6.85,51244,35921019.0,4.11,3.38,0.23,1.12
4062,2019-05-16,000925SZ,7.06,7.03,7.12,7.0,41489,29241034.0,1.7,-0.14,-0.01,0.91
4063,2019-05-17,000925SZ,7.1,6.77,7.19,6.66,61885,42846464.0,7.54,-3.7,-0.26,1.35
4064,2019-05-20,000925SZ,6.68,6.9,6.91,6.64,55618,37808935.0,3.99,1.92,0.13,1.22
4065,2019-05-21,000925SZ,6.9,7.17,7.33,6.83,112529,80114290.0,7.25,3.91,0.27,2.46
4066,2019-05-22,000925SZ,7.12,7.04,7.19,7.01,62780,44406284.0,2.51,-1.81,-0.13,1.37
4067,2019-05-23,000925SZ,7.05,6.88,7.07,6.81,48851,33744004.0,3.69,-2.27,-0.16,1.07
4068,2019-05-24,000925SZ,6.77,6.75,6.95,6.75,32117,22005596.0,2.91,-1.89,-0.13,0.7
4069,2019-05-27,000925SZ,6.75,7.05,7.09,6.72,46435,32239950.0,5.48,4.44,0.3,1.02
4070,2019-05-28,000925SZ,7.01,6.96,7.18,6.91,53267,37555021.0,3.83,-1.28,-0.09,1.17
4071,2019-05-29,000925SZ,6.96,7.02,7.13,6.96,36045,25394067.0,2.44,0.86,0.06,0.79
4072,2019-05-30,000925SZ,6.97,6.9,7.09,6.83,37784,26103416.0,3.7,-1.71,-0.12,0.83
4073,2019-05-31,000925SZ,6.9,6.89,7.08,6.88,35709,24898150.0,2.9,-0.14,-0.01,0.78
4074,2019-06-03,000925SZ,6.89,6.76,6.94,6.63,39014,26413258.0,4.5,-1.89,-0.13,0.85
4075,2019-06-04,000925SZ,6.7,6.72,6.82,6.64,28195,18959149.0,2.66,-0.59,-0.04,0.62
4076,2019-06-05,000925SZ,6.76,6.67,6.83,6.64,38915,26169346.0,2.83,-0.74,-0.05,0.85
4077,2019-06-06,000925SZ,6.67,6.36,6.67,6.3,45339,29272154.0,5.55,-4.65,-0.31,0.99
4078,2019-06-10,000925SZ,6.37,6.45,6.51,6.35,27797,17919205.0,2.52,1.42,0.09,0.61
4079,2019-06-11,000925SZ,6.46,6.71,6.74,6.46,48161,31992567.0,4.34,4.03,0.26,1.05
4080,2019-06-12,000925SZ,6.76,6.73,6.84,6.69,35034,23678868.0,2.24,0.3,0.02,0.77
4081,2019-06-13,000925SZ,6.76,6.8,6.83,6.72,32589,22118830.0,1.63,1.04,0.07,0.71
4082,2019-06-14,000925SZ,6.82,6.6,6.88,6.59,35884,24096519.0,4.26,-2.94,-0.2,0.78
4083,2019-06-17,000925SZ,6.7,6.56,6.7,6.51,26930,17741989.0,2.88,-0.61,-0.04,0.59
4084,2019-06-18,000925SZ,6.56,6.48,6.63,6.45,26668,17373950.0,2.74,-1.22,-0.08,0.58
4085,2019-06-19,000925SZ,6.6,6.61,6.73,6.58,38096,25310983.0,2.31,2.01,0.13,0.83
4086,2019-06-20,000925SZ,6.62,6.73,6.78,6.58,44222,29686909.0,3.03,1.82,0.12,0.97
4087,2019-06-21,000925SZ,6.83,6.86,6.95,6.8,54423,37455350.0,2.23,1.93,0.13,1.19
4088,2019-06-24,000925SZ,6.86,7.03,7.15,6.86,89966,63051810.0,4.23,2.48,0.17,1.97
4089,2019-06-25,000925SZ,7.04,6.84,7.05,6.76,72581,49720138.0,4.13,-2.7,-0.19,1.59
4090,2019-06-26,000925SZ,6.8,6.74,6.84,6.71,38572,26098601.0,1.9,-1.46,-0.1,0.84
4091,2019-06-27,000925SZ,6.79,6.81,6.86,6.76,41658,28397167.0,1.48,1.04,0.07,0.91
4092,2019-06-28,000925SZ,6.88,7.1,7.13,6.77,116539,81160362.0,5.29,4.26,0.29,2.55
4093,2019-07-01,000925SZ,7.33,7.27,7.52,7.23,135997,99956909.0,4.08,2.39,0.17,2.97
4094,2019-07-02,000925SZ,7.32,7.48,7.78,7.32,152508,114500974.0,6.33,2.89,0.21,3.34
4095,2019-07-03,000925SZ,7.48,7.3,7.49,7.3,69982,51519068.0,2.54,-2.41,-0.18,1.53
4096,2019-07-04,000925SZ,7.34,7.23,7.42,7.15,74067,53759036.0,3.7,-0.96,-0.07,1.62
4097,2019-07-05,000925SZ,7.36,7.52,7.59,7.21,100530,74602190.0,5.26,4.01,0.29,2.22
4098,2019-07-08,000925SZ,7.55,7.36,7.77,7.23,136325,102313081.0,7.18,-2.13,-0.16,3.01
4099,2019-07-09,000925SZ,7.43,7.94,8.07,7.28,291237,224407542.0,10.73,7.88,0.58,6.43
4100,2019-07-10,000925SZ,7.79,7.7,8.04,7.63,222942,173769080.0,5.16,-3.02,-0.24,4.92
4101,2019-07-11,000925SZ,7.7,7.54,7.84,7.45,153988,117539249.0,5.06,-2.08,-0.16,3.4
4102,2019-07-12,000925SZ,7.5,7.33,7.55,7.13,162707,118382346.0,5.57,-2.79,-0.21,3.59
4103,2019-07-15,000925SZ,7.25,7.25,7.33,6.98,117165,84013463.0,4.77,-1.09,-0.08,2.59
4104,2019-07-16,000925SZ,7.21,7.38,7.38,7.17,102868,74706033.0,2.9,1.79,0.13,2.27
4105,2019-07-17,000925SZ,7.32,7.34,7.43,7.3,76954,56641939.0,1.76,-0.54,-0.04,1.7
4106,2019-07-18,000925SZ,7.34,7.15,7.35,7.14,69347,50036528.0,2.86,-2.59,-0.19,1.53
4107,2019-07-19,000925SZ,7.24,7.68,7.84,7.19,243668,184669948.0,9.09,7.41,0.53,5.38
4108,2019-07-22,000925SZ,7.62,7.16,7.7,7.0,187669,136716060.0,9.11,-6.77,-0.52,4.14
4109,2019-07-23,000925SZ,7.0,7.0,7.13,6.87,111768,78359301.0,3.63,-2.23,-0.16,2.47
4110,2019-07-24,000925SZ,7.0,7.05,7.13,7.0,67628,47755348.0,1.86,0.71,0.05,1.49
4111,2019-07-25,000925SZ,7.03,7.0,7.12,6.98,64444,45373284.0,1.99,-0.71,-0.05,1.42
4112,2019-07-26,000925SZ,7.0,6.86,7.0,6.81,89579,61391653.0,2.71,-2.0,-0.14,1.98
4113,2019-07-29,000925SZ,6.84,6.78,6.89,6.74,46851,31851554.0,2.19,-1.17,-0.08,1.03
4114,2019-07-30,000925SZ,6.82,6.84,6.87,6.79,41328,28218457.0,1.18,0.88,0.06,0.91
4115,2019-07-31,000925SZ,6.81,6.76,6.82,6.69,37547,25343023.0,1.9,-1.17,-0.08,0.83
4116,2019-08-01,000925SZ,6.67,6.72,6.8,6.66,40647,27341289.0,2.07,-0.59,-0.04,0.9
4117,2019-08-02,000925SZ,6.57,6.65,6.76,6.5,50790,33756754.0,3.87,-1.04,-0.07,1.12
4118,2019-08-05,000925SZ,6.65,6.66,6.71,6.58,38226,25423437.0,1.95,0.15,0.01,0.84
4119,2019-08-06,000925SZ,6.51,6.32,6.58,6.13,71904,45491391.0,6.76,-5.11,-0.34,1.59
4120,2019-08-07,000925SZ,6.35,6.23,6.4,6.2,33965,21399544.0,3.16,-1.42,-0.09,0.75
4121,2019-08-08,000925SZ,6.31,6.22,6.31,6.2,30066,18797562.0,1.77,-0.16,-0.01,0.66
4122,2019-08-09,000925SZ,6.25,6.24,6.39,6.22,40950,25763159.0,2.73,0.32,0.02,0.9
4123,2019-08-12,000925SZ,6.23,6.35,6.35,6.21,25964,16352231.0,2.24,1.76,0.11,0.57
4124,2019-08-13,000925SZ,6.38,6.45,6.52,6.34,54504,35112068.0,2.83,1.57,0.1,1.2
4125,2019-08-14,000925SZ,6.52,6.41,6.58,6.41,35334,22928881.0,2.64,-0.62,-0.04,0.78
4126,2019-08-15,000925SZ,6.2,6.38,6.41,6.08,47983,29936464.0,5.15,-0.47,-0.03,1.06
4127,2019-08-16,000925SZ,6.36,6.3,6.39,6.26,40765,25829706.0,2.04,-1.25,-0.08,0.9
4128,2019-08-19,000925SZ,6.34,6.55,6.55,6.33,53064,34285751.0,3.49,3.97,0.25,1.17
4129,2019-08-20,000925SZ,6.57,6.51,6.68,6.48,51404,33783208.0,3.05,-0.61,-0.04,1.13
4130,2019-08-21,000925SZ,6.44,6.44,6.52,6.43,35544,22991920.0,1.38,-1.08,-0.07,0.78
4131,2019-08-22,000925SZ,6.43,6.56,6.68,6.43,38760,25215481.0,3.88,1.86,0.12,0.86
4132,2019-08-23,000925SZ,6.49,6.48,6.54,6.43,34525,22363956.0,1.68,-1.22,-0.08,0.76
4133,2019-08-26,000925SZ,6.3,6.3,6.38,6.23,34084,21528724.0,2.31,-2.78,-0.18,0.75
4134,2019-08-27,000925SZ,6.36,6.41,6.45,6.34,48786,31302179.0,1.75,1.75,0.11,1.08
4135,2019-08-28,000925SZ,6.43,6.41,6.51,6.36,30981,19879207.0,2.34,0.0,0.0,0.68
4136,2019-08-29,000925SZ,6.41,6.41,6.45,6.35,29026,18606300.0,1.56,0.0,0.0,0.64
4137,2019-08-30,000925SZ,6.43,6.25,6.45,6.19,48970,31020970.0,4.06,-2.5,-0.16,1.08
4138,2019-09-02,000925SZ,6.25,6.42,6.45,6.25,37526,23905013.0,3.2,2.72,0.17,0.83
4139,2019-09-03,000925SZ,6.49,6.46,6.49,6.37,48144,30933286.0,1.87,0.62,0.04,1.06
4140,2019-09-04,000925SZ,6.57,6.5,6.57,6.43,49372,32008936.0,2.17,0.62,0.04,1.09
4141,2019-09-05,000925SZ,6.55,6.56,6.65,6.51,87018,57299580.0,2.15,0.92,0.06,1.92
4142,2019-09-06,000925SZ,6.56,6.59,6.68,6.55,51297,33884059.0,1.98,0.46,0.03,1.13
4143,2019-09-09,000925SZ,6.65,6.8,6.82,6.61,92604,62457769.0,3.19,3.19,0.21,2.04
4144,2019-09-10,000925SZ,6.81,6.87,6.94,6.76,67983,46740978.0,2.65,1.03,0.07,1.5
4145,2019-09-11,000925SZ,6.87,6.91,6.98,6.84,67100,46336609.0,2.04,0.58,0.04,1.48
4146,2019-09-12,000925SZ,6.83,7.12,7.17,6.83,107232,75518620.0,4.92,3.04,0.21,2.37
4147,2019-09-16,000925SZ,7.09,7.06,7.17,7.01,57995,41058992.0,2.25,-0.84,-0.06,1.28
4148,2019-09-17,000925SZ,7.16,6.97,7.33,6.9,110116,78367539.0,6.09,-1.27,-0.09,2.43
4149,2019-09-18,000925SZ,6.93,6.87,6.96,6.84,60598,41835259.0,1.72,-1.43,-0.1,1.34
4150,2019-09-19,000925SZ,6.92,6.92,6.95,6.87,38738,26748498.0,1.16,0.73,0.05,0.85
4151,2019-09-20,000925SZ,7.3,7.2,7.41,7.1,168928,121958023.0,4.48,4.05,0.28,3.73
4152,2019-09-23,000925SZ,7.15,7.05,7.19,6.97,71137,50139634.0,3.06,-2.08,-0.15,1.57
4153,2019-09-24,000925SZ,7.02,6.97,7.09,6.95,68893,48366516.0,1.99,-1.13,-0.08,1.52
4154,2019-09-25,000925SZ,6.9,6.78,6.96,6.76,63039,43085234.0,2.87,-2.73,-0.19,1.39
4155,2019-09-26,000925SZ,6.81,6.46,6.85,6.46,58122,38500735.0,5.75,-4.72,-0.32,1.28
4156,2019-09-27,000925SZ,6.49,6.55,6.64,6.49,28244,18557710.0,2.32,1.39,0.09,0.62
4157,2019-09-30,000925SZ,6.58,6.49,6.65,6.45,28760,18769839.0,3.05,-0.92,-0.06,0.63
4158,2019-10-08,000925SZ,6.46,6.33,6.48,6.31,35129,22324355.0,2.62,-2.47,-0.16,0.78
4159,2019-10-09,000925SZ,6.31,6.63,6.65,6.31,47951,31092942.0,5.37,4.74,0.3,1.06
4160,2019-10-10,000925SZ,6.63,6.67,6.69,6.55,38611,25653868.0,2.11,0.6,0.04,0.85
4161,2019-10-11,000925SZ,6.67,6.69,6.73,6.59,39694,26408499.0,2.1,0.3,0.02,0.88
4162,2019-10-14,000925SZ,6.76,6.67,6.81,6.65,55098,37016346.0,2.39,-0.3,-0.02,1.22
4163,2019-10-15,000925SZ,6.8,6.85,7.02,6.8,105759,73030761.0,3.3,2.7,0.18,2.33
4164,2019-10-16,000925SZ,6.9,6.7,6.9,6.67,62070,41933309.0,3.36,-2.19,-0.15,1.37
4165,2019-10-17,000925SZ,6.69,6.68,6.75,6.64,34397,22986234.0,1.64,-0.3,-0.02,0.76
4166,2019-10-18,000925SZ,6.7,6.5,6.72,6.48,40797,26820539.0,3.59,-2.69,-0.18,0.9
4167,2019-10-21,000925SZ,6.51,6.43,6.54,6.36,26205,16789037.0,2.77,-1.08,-0.07,0.58
4168,2019-10-22,000925SZ,6.5,6.53,6.54,6.4,28782,18626580.0,2.18,1.56,0.1,0.64
4169,2019-10-23,000925SZ,6.51,6.49,6.58,6.47,20643,13459738.0,1.68,-0.61,-0.04,0.46
4170,2019-10-24,000925SZ,6.49,6.47,6.49,6.41,22776,14714586.0,1.23,-0.31,-0.02,0.5
4171,2019-10-25,000925SZ,6.47,6.51,6.53,6.41,22612,14626493.0,1.85,0.62,0.04,0.5
4172,2019-10-28,000925SZ,7.09,6.99,7.09,6.71,128851,88683515.0,5.84,7.37,0.48,2.84
4173,2019-10-29,000925SZ,7.0,6.9,7.0,6.7,117378,80362433.0,4.29,-1.29,-0.09,2.59
4174,2019-10-30,000925SZ,6.8,7.01,7.39,6.8,209113,148092918.0,8.55,1.59,0.11,4.61
4175,2019-10-31,000925SZ,6.8,6.8,6.85,6.55,127351,85167502.0,4.28,-3.0,-0.21,2.81
4176,2019-11-01,000925SZ,6.67,6.71,6.83,6.63,45916,30966943.0,2.94,-1.32,-0.09,1.01
4177,2019-11-04,000925SZ,6.71,6.68,6.79,6.68,38336,25769183.0,1.64,-0.45,-0.03,0.85
4178,2019-11-05,000925SZ,6.64,6.6,6.7,6.52,59547,39296034.0,2.69,-1.2,-0.08,1.31
4179,2019-11-06,000925SZ,6.67,6.53,6.68,6.53,36444,23974199.0,2.27,-1.06,-0.07,0.8
4180,2019-11-07,000925SZ,6.55,6.54,6.57,6.48,41362,26979728.0,1.38,0.15,0.01,0.91
4181,2019-11-08,000925SZ,6.62,6.47,6.62,6.42,42046,27335534.0,3.06,-1.07,-0.07,0.93
4182,2019-11-11,000925SZ,6.44,6.27,6.46,6.25,44907,28391674.0,3.25,-3.09,-0.2,0.99
4183,2019-11-12,000925SZ,6.28,6.22,6.33,6.11,48058,29755796.0,3.51,-0.8,-0.05,1.06
4184,2019-11-13,000925SZ,6.23,6.13,6.24,6.09,43068,26409135.0,2.41,-1.45,-0.09,0.95
4185,2019-11-14,000925SZ,6.13,6.2,6.21,6.09,28544,17582990.0,1.96,1.14,0.07,0.63
4186,2019-11-15,000925SZ,6.19,6.07,6.19,6.06,27163,16624330.0,2.1,-2.1,-0.13,0.6
4187,2019-11-18,000925SZ,6.04,6.15,6.15,6.03,23078,14101487.0,1.98,1.32,0.08,0.51
4188,2019-11-19,000925SZ,6.17,6.27,6.29,6.13,27344,17084949.0,2.6,1.95,0.12,0.6
4189,2019-11-20,000925SZ,6.28,6.23,6.3,6.21,19378,12105330.0,1.44,-0.64,-0.04,0.43
4190,2019-11-21,000925SZ,6.19,6.21,6.26,6.14,16713,10373268.0,1.93,-0.32,-0.02,0.37
4191,2019-11-22,000925SZ,6.21,6.17,6.29,6.06,21791,13523708.0,3.7,-0.64,-0.04,0.48
4192,2019-11-25,000925SZ,6.18,6.18,6.23,6.11,18496,11408536.0,1.94,0.16,0.01,0.41
4193,2019-11-26,000925SZ,6.17,6.24,6.29,6.17,22818,14227735.0,1.94,0.97,0.06,0.5
4194,2019-11-27,000925SZ,6.28,6.25,6.28,6.18,17502,10898739.0,1.6,0.16,0.01,0.39
4195,2019-11-28,000925SZ,6.25,6.26,6.28,6.24,23653,14804988.0,0.64,0.16,0.01,0.52
4196,2019-11-29,000925SZ,6.26,6.32,6.33,6.24,27407,17271022.0,1.44,0.96,0.06,0.6
4197,2019-12-02,000925SZ,6.32,6.45,6.46,6.32,36581,23413490.0,2.22,2.06,0.13,0.81
4198,2019-12-03,000925SZ,6.4,6.53,6.56,6.38,42580,27684198.0,2.79,1.24,0.08,0.94
4199,2019-12-04,000925SZ,6.53,6.57,6.59,6.47,39509,25937447.0,1.84,0.61,0.04,0.87
4200,2019-12-05,000925SZ,6.56,6.69,6.69,6.56,48275,32066297.0,1.98,1.83,0.12,1.07
4201,2019-12-06,000925SZ,6.67,6.66,6.7,6.61,40229,26789078.0,1.35,-0.45,-0.03,0.89
4202,2019-12-09,000925SZ,6.68,6.71,6.75,6.68,38927,26175333.0,1.05,0.75,0.05,0.86
4203,2019-12-10,000925SZ,6.74,6.68,6.74,6.62,36581,24372117.0,1.79,-0.45,-0.03,0.81
4204,2019-12-11,000925SZ,6.7,6.6,6.7,6.58,37180,24626569.0,1.8,-1.2,-0.08,0.82
4205,2019-12-12,000925SZ,6.6,6.52,6.64,6.5,32157,21145498.0,2.12,-1.21,-0.08,0.71
4206,2019-12-13,000925SZ,6.56,6.72,6.75,6.56,53967,35989891.0,2.91,3.07,0.2,1.19
4207,2019-12-16,000925SZ,6.72,6.88,6.89,6.67,57556,39201088.0,3.27,2.38,0.16,1.27
4208,2019-12-17,000925SZ,6.9,6.86,6.95,6.83,62062,42749794.0,1.74,-0.29,-0.02,1.37
4209,2019-12-18,000925SZ,6.83,6.85,6.93,6.82,40359,27696426.0,1.6,-0.15,-0.01,0.89
4210,2019-12-19,000925SZ,6.88,6.87,6.89,6.82,29130,19983768.0,1.02,0.29,0.02,0.64
4211,2019-12-20,000925SZ,6.86,6.8,6.95,6.8,33079,22713497.0,2.18,-1.02,-0.07,0.73
4212,2019-12-23,000925SZ,6.77,6.72,6.89,6.71,36797,25033644.0,2.65,-1.18,-0.08,0.81
4213,2019-12-24,000925SZ,6.76,6.79,6.8,6.66,28859,19422933.0,2.08,1.04,0.07,0.64
4214,2019-12-25,000925SZ,6.79,6.76,6.88,6.7,33451,22689377.0,2.65,-0.44,-0.03,0.74
4215,2019-12-26,000925SZ,6.8,6.76,6.82,6.71,33916,22876919.0,1.63,0.0,0.0,0.75
4216,2019-12-27,000925SZ,6.85,6.75,7.06,6.73,83451,57493553.0,4.88,-0.15,-0.01,1.84
4217,2019-12-30,000925SZ,6.63,6.68,6.73,6.5,50557,33578148.0,3.41,-1.04,-0.07,1.12
4218,2019-12-31,000925SZ,6.64,6.7,6.78,6.63,40192,26918649.0,2.25,0.3,0.02,0.89
4219,2020-01-02,000925SZ,6.77,6.84,6.87,6.72,52156,35542842.0,2.24,2.09,0.14,1.15
4220,2020-01-03,000925SZ,6.88,6.88,6.89,6.8,47576,32583054.0,1.32,0.58,0.04,1.05
4221,2020-01-06,000925SZ,6.85,6.94,6.99,6.81,62560,43292174.0,2.62,0.87,0.06,1.38
4222,2020-01-07,000925SZ,6.94,7.05,7.07,6.9,78793,55017011.0,2.45,1.59,0.11,1.74
4223,2020-01-08,000925SZ,7.06,7.01,7.25,6.96,152128,108154895.0,4.11,-0.57,-0.04,3.36
4224,2020-01-09,000925SZ,7.05,7.05,7.12,6.98,80798,56945079.0,2.0,0.57,0.04,1.78
4225,2020-01-10,000925SZ,7.07,6.95,7.1,6.88,69685,48453880.0,3.12,-1.42,-0.1,1.54
4226,2020-01-13,000925SZ,6.91,7.07,7.08,6.87,85109,59384813.0,3.02,1.73,0.12,1.88
4227,2020-01-14,000925SZ,7.07,7.0,7.17,6.96,53877,37943071.0,2.97,-0.99,-0.07,1.19
4228,2020-01-15,000925SZ,7.0,7.02,7.05,6.9,41794,29135688.0,2.14,0.29,0.02,0.92
4229,2020-01-16,000925SZ,7.0,7.09,7.21,6.96,87971,62526714.0,3.56,1.0,0.07,1.94
4230,2020-01-17,000925SZ,7.1,7.01,7.14,6.99,54080,38133509.0,2.12,-1.13,-0.08,1.19
4231,2020-01-20,000925SZ,7.0,7.15,7.15,6.91,65810,46300719.0,3.42,2.0,0.14,1.45
4232,2020-01-21,000925SZ,7.15,7.15,7.23,7.05,80754,57474800.0,2.52,0.0,0.0,1.78
4233,2020-01-22,000925SZ,7.06,7.2,7.23,6.9,100897,71121347.0,4.62,0.7,0.05,2.23
4234,2020-01-23,000925SZ,7.12,7.25,7.45,7.08,182958,132946619.0,5.14,0.69,0.05,4.04
4235,2020-02-03,000925SZ,6.55,6.53,6.75,6.53,160889,105771738.0,3.03,-9.93,-0.72,3.55
4236,2020-02-04,000925SZ,6.4,7.18,7.18,6.4,221480,153991325.0,11.94,9.95,0.65,4.89
4237,2020-02-05,000925SZ,7.26,7.56,7.74,7.19,297688,223885482.0,7.66,5.29,0.38,6.57
4238,2020-02-06,000925SZ,7.52,7.68,7.84,7.41,300294,230602609.0,5.69,1.59,0.12,6.63
4239,2020-02-07,000925SZ,7.64,8.21,8.38,7.49,341024,272342336.0,11.59,6.9,0.53,7.52
4240,2020-02-10,000925SZ,8.1,8.05,8.33,7.85,257442,206562132.0,5.85,-1.95,-0.16,5.68
4241,2020-02-11,000925SZ,7.92,7.75,8.14,7.63,219009,171435755.0,6.34,-3.73,-0.3,4.83
4242,2020-02-12,000925SZ,7.76,7.83,8.05,7.71,213449,167770625.0,4.39,1.03,0.08,4.71
4243,2020-02-13,000925SZ,7.8,8.23,8.29,7.71,336616,271869504.0,7.41,5.11,0.4,7.43
4244,2020-02-14,000925SZ,8.1,8.02,8.24,7.87,251223,202962169.0,4.5,-2.55,-0.21,5.54
4245,2020-02-17,000925SZ,8.04,8.5,8.58,7.91,307798,256408567.0,8.35,5.99,0.48,6.79
4246,2020-02-18,000925SZ,8.4,8.49,8.51,8.3,239210,201075129.0,2.47,-0.12,-0.01,5.28
4247,2020-02-19,000925SZ,8.41,8.34,8.48,8.17,229077,190204463.0,3.65,-1.77,-0.15,5.05
4248,2020-02-20,000925SZ,8.33,8.33,8.35,8.04,218573,179389513.0,3.72,-0.12,-0.01,4.82
4249,2020-02-21,000925SZ,8.23,8.4,8.64,8.21,279064,236685874.0,5.16,0.84,0.07,6.16
4250,2020-02-24,000925SZ,8.3,8.41,8.56,8.23,228332,191370614.0,3.93,0.12,0.01,5.04
4251,2020-02-25,000925SZ,8.05,8.15,8.2,7.85,225267,182340162.0,4.16,-3.09,-0.26,4.97
4252,2020-02-26,000925SZ,8.02,8.47,8.8,7.92,377899,319995472.0,10.8,3.93,0.32,8.34
4253,2020-02-27,000925SZ,8.56,8.24,8.68,8.1,232639,192956517.0,6.85,-2.72,-0.23,5.13
4254,2020-02-28,000925SZ,7.66,7.62,8.05,7.55,199127,155883578.0,6.07,-7.52,-0.62,4.39
4255,2020-03-02,000925SZ,7.76,8.05,8.13,7.71,151609,120682461.0,5.51,5.64,0.43,3.35
4256,2020-03-03,000925SZ,8.28,8.1,8.38,8.02,179505,147529770.0,4.47,0.62,0.05,3.96
4257,2020-03-04,000925SZ,8.0,8.15,8.26,7.95,117370,95134903.0,3.83,0.62,0.05,2.59
4258,2020-03-05,000925SZ,8.4,8.38,8.54,8.29,227639,190847600.0,3.07,2.82,0.23,5.02
4259,2020-03-06,000925SZ,8.3,8.62,8.85,8.21,336251,290704896.0,7.64,2.86,0.24,7.42
4260,2020-03-09,000925SZ,8.48,8.84,9.14,8.48,468552,415977328.0,7.66,2.55,0.22,10.34
4261,2020-03-10,000925SZ,8.68,9.5,9.72,8.38,484379,438306944.0,15.16,7.47,0.66,10.69
4262,2020-03-11,000925SZ,9.45,9.21,9.58,9.13,340822,317873616.0,4.74,-3.05,-0.29,7.52
4263,2020-03-12,000925SZ,9.1,9.24,9.33,9.01,257795,236809891.0,3.47,0.33,0.03,5.69
4264,2020-03-13,000925SZ,8.69,8.94,9.15,8.69,263089,235295467.0,4.98,-3.25,-0.3,5.8
4265,2020-03-16,000925SZ,9.04,8.11,9.1,8.05,297091,254719180.0,11.74,-9.28,-0.83,6.56
4266,2020-03-17,000925SZ,8.2,8.12,8.31,7.7,188798,152685038.0,7.52,0.12,0.01,4.17
4267,2020-03-18,000925SZ,8.25,7.66,8.34,7.6,260638,208662859.0,9.11,-5.67,-0.46,5.75
4268,2020-03-19,000925SZ,7.7,7.76,7.9,7.46,182074,139403350.0,5.74,1.31,0.1,4.02
4269,2020-03-20,000925SZ,7.85,7.9,7.91,7.73,125624,98317415.0,2.32,1.8,0.14,2.77
4270,2020-03-23,000925SZ,7.65,7.38,7.79,7.27,140969,106852413.0,6.58,-6.58,-0.52,3.11
4271,2020-03-24,000925SZ,7.52,7.56,7.63,7.28,115993,86912046.0,4.74,2.44,0.18,2.56
4272,2020-03-25,000925SZ,7.75,7.86,7.88,7.67,149068,116018525.0,2.78,3.97,0.3,3.29
4273,2020-03-26,000925SZ,7.78,7.6,7.81,7.55,106796,82097113.0,3.31,-3.31,-0.26,2.36
4274,2020-03-27,000925SZ,7.77,7.97,8.29,7.77,215199,173104502.0,6.84,4.87,0.37,4.75
4275,2020-03-30,000925SZ,7.93,8.17,8.24,7.86,200872,162162194.0,4.77,2.51,0.2,4.43
4276,2020-03-31,000925SZ,8.14,8.2,8.5,8.11,176154,145865118.0,4.77,0.37,0.03,3.89
4277,2020-04-01,000925SZ,8.17,8.06,8.35,8.06,134191,109705336.0,3.54,-1.71,-0.14,2.96
4278,2020-04-02,000925SZ,8.03,8.28,8.28,7.97,111552,90877503.0,3.85,2.73,0.22,2.46
4279,2020-04-03,000925SZ,8.35,8.3,8.56,8.23,161556,135318483.0,3.99,0.24,0.02,3.56
4280,2020-04-07,000925SZ,8.41,8.61,8.64,8.34,164128,139843552.0,3.61,3.73,0.31,3.62
4281,2020-04-08,000925SZ,8.53,8.55,8.7,8.49,135457,116376601.0,2.44,-0.7,-0.06,2.99
4282,2020-04-09,000925SZ,8.56,8.4,8.69,8.39,129340,109918493.0,3.51,-1.75,-0.15,2.85
4283,2020-04-10,000925SZ,8.48,8.3,8.61,8.2,147264,123692696.0,4.88,-1.19,-0.1,3.25
4284,2020-04-13,000925SZ,8.24,8.26,8.33,8.1,89159,73237591.0,2.77,-0.48,-0.04,1.97
4285,2020-04-14,000925SZ,8.28,8.27,8.34,8.15,84300,69269903.0,2.3,0.12,0.01,1.86
4286,2020-04-15,000925SZ,7.88,7.85,8.06,7.61,288556,225581404.0,5.44,-5.08,-0.42,6.37
4287,2020-04-16,000925SZ,7.76,7.63,7.85,7.53,164737,126364420.0,4.08,-2.8,-0.22,3.63
4288,2020-04-17,000925SZ,7.71,7.93,8.0,7.61,214938,168357128.0,5.11,3.93,0.3,4.74
4289,2020-04-20,000925SZ,7.82,7.85,8.09,7.8,118199,93397588.0,3.66,-1.01,-0.08,2.61
4290,2020-04-21,000925SZ,7.84,7.85,7.88,7.66,87749,68105764.0,2.8,0.0,0.0,1.94
4291,2020-04-22,000925SZ,7.82,8.5,8.6,7.77,304984,253048348.0,10.57,8.28,0.65,6.73
4292,2020-04-23,000925SZ,8.55,8.61,8.83,8.46,252462,217581672.0,4.35,1.29,0.11,5.57
4293,2020-04-24,000925SZ,8.81,8.35,8.84,8.3,137110,115974352.0,6.27,-3.02,-0.26,3.03
4294,2020-04-27,000925SZ,8.5,8.2,8.5,8.18,111020,92619084.0,3.83,-1.8,-0.15,2.45
4295,2020-04-28,000925SZ,8.28,8.0,8.33,7.56,143591,115099306.0,9.39,-2.44,-0.2,3.17
4296,2020-04-29,000925SZ,8.03,7.75,8.06,7.74,99698,78269329.0,4.0,-3.13,-0.25,2.2
4297,2020-04-30,000925SZ,7.7,7.82,7.93,7.65,102699,80203894.0,3.61,0.9,0.07,2.27
4298,2020-05-06,000925SZ,7.75,7.98,7.98,7.7,102260,80135250.0,3.58,2.05,0.16,2.26
4299,2020-05-07,000925SZ,7.94,7.8,8.04,7.75,84671,66569052.0,3.63,-2.26,-0.18,1.87
4300,2020-05-08,000925SZ,7.81,7.85,7.93,7.79,68019,53413038.0,1.79,0.64,0.05,1.5
4301,2020-05-11,000925SZ,7.84,7.75,7.91,7.72,57171,44452487.0,2.42,-1.27,-0.1,1.26
4302,2020-05-12,000925SZ,7.73,7.82,7.85,7.65,54172,42090104.0,2.58,0.9,0.07,1.2
4303,2020-05-13,000925SZ,7.79,7.73,7.8,7.68,45827,35343833.0,1.53,-1.15,-0.09,1.01
4304,2020-05-14,000925SZ,7.73,7.45,7.75,7.44,87969,66422283.0,4.01,-3.62,-0.28,1.94
4305,2020-05-15,000925SZ,7.43,7.3,7.53,7.3,113380,83924281.0,3.09,-2.01,-0.15,2.5
4306,2020-05-18,000925SZ,7.29,7.4,7.51,7.05,107293,78228537.0,6.3,1.37,0.1,2.37
4307,2020-05-19,000925SZ,7.4,7.35,7.46,7.32,49295,36333530.0,1.89,-0.68,-0.05,1.09
4308,2020-05-20,000925SZ,7.47,7.3,7.47,7.3,46337,34046166.0,2.31,-0.68,-0.05,1.02
4309,2020-05-21,000925SZ,7.31,7.07,7.37,7.05,72579,51827699.0,4.38,-3.15,-0.23,1.6
4310,2020-05-22,000925SZ,7.07,6.84,7.07,6.8,77890,53786152.0,3.82,-3.25,-0.23,1.72
4311,2020-05-25,000925SZ,6.81,6.75,6.87,6.7,49304,33383140.0,2.49,-1.32,-0.09,1.09
4312,2020-05-26,000925SZ,6.75,6.85,6.95,6.75,38215,26170887.0,2.96,1.48,0.1,0.84
4313,2020-05-27,000925SZ,6.82,6.83,6.9,6.81,31935,21886946.0,1.31,-0.29,-0.02,0.7
4314,2020-05-28,000925SZ,6.84,6.78,6.88,6.74,44641,30341068.0,2.05,-0.73,-0.05,0.98
4315,2020-05-29,000925SZ,6.78,6.76,6.87,6.73,37675,25536627.0,2.06,-0.29,-0.02,0.83
4316,2020-06-01,000925SZ,6.79,6.96,6.96,6.78,65842,45354740.0,2.66,2.96,0.2,1.45
4317,2020-06-02,000925SZ,6.96,7.1,7.11,6.93,67461,47483101.0,2.59,2.01,0.14,1.49
4318,2020-06-03,000925SZ,7.1,7.0,7.2,6.98,63469,44653004.0,3.1,-1.41,-0.1,1.4
4319,2020-06-04,000925SZ,6.99,6.93,7.0,6.85,47326,32652555.0,2.14,-1.0,-0.07,1.04
4320,2020-06-05,000925SZ,6.91,6.9,6.96,6.86,29426,20325513.0,1.44,-0.43,-0.03,0.65
4321,2020-06-08,000925SZ,6.98,6.82,7.03,6.78,41862,28832456.0,3.62,-1.16,-0.08,0.92
4322,2020-06-09,000925SZ,6.88,6.84,6.88,6.78,44854,30621554.0,1.47,0.29,0.02,0.99
4323,2020-06-10,000925SZ,6.86,6.79,6.86,6.73,57523,38960497.0,1.9,-0.73,-0.05,1.27
4324,2020-06-11,000925SZ,6.79,6.71,6.83,6.68,49113,33186672.0,2.21,-1.18,-0.08,1.08
4325,2020-06-12,000925SZ,6.59,6.62,6.67,6.53,76272,50218698.0,2.09,-1.34,-0.09,1.68
4326,2020-06-15,000925SZ,6.61,6.7,6.9,6.55,56081,37839157.0,5.29,1.21,0.08,1.24
4327,2020-06-16,000925SZ,6.72,6.76,6.8,6.7,31593,21305719.0,1.49,0.9,0.06,0.7
4328,2020-06-17,000925SZ,6.76,6.92,6.98,6.75,60061,41211428.0,3.4,2.37,0.16,1.33
4329,2020-06-18,000925SZ,6.92,7.05,7.1,6.86,74419,52167645.0,3.47,1.88,0.13,1.64
4330,2020-06-19,000925SZ,7.04,6.95,7.09,6.94,60636,42448932.0,2.13,-1.42,-0.1,1.34
4331,2020-06-22,000925SZ,7.02,7.03,7.09,6.98,62905,44228745.0,1.58,1.15,0.08,1.39
4332,2020-06-23,000925SZ,7.03,7.03,7.05,6.99,58611,41182892.0,0.85,0.0,0.0,1.29
4333,2020-06-24,000925SZ,7.04,7.36,7.38,7.02,135478,98220139.0,5.12,4.69,0.33,2.99
4334,2020-06-29,000925SZ,7.32,7.37,7.49,7.2,66724,49135928.0,3.94,0.14,0.01,1.47
4335,2020-06-30,000925SZ,7.36,7.29,7.4,7.22,61596,44991806.0,2.44,-1.09,-0.08,1.36
4336,2020-07-01,000925SZ,7.37,7.18,7.37,7.0,82891,59285931.0,5.08,-1.51,-0.11,1.82
4337,2020-07-02,000925SZ,7.18,7.25,7.29,7.11,59301,42895697.0,2.51,0.97,0.07,1.3
4338,2020-07-03,000925SZ,7.25,7.26,7.34,7.2,71650,52122744.0,1.93,0.14,0.01,1.58
4339,2020-07-06,000925SZ,7.27,7.57,7.58,7.27,115596,86140565.0,4.27,4.27,0.31,2.54
4340,2020-07-07,000925SZ,7.72,7.54,7.73,7.48,118350,89631309.0,3.3,-0.4,-0.03,2.6
4341,2020-07-08,000925SZ,7.57,7.75,7.83,7.48,121700,93811173.0,4.64,2.79,0.21,2.68
4342,2020-07-09,000925SZ,7.76,8.03,8.12,7.68,139268,110941707.0,5.68,3.61,0.28,3.06
4343,2020-07-10,000925SZ,8.03,8.38,8.59,7.97,209677,174887480.0,7.72,4.36,0.35,4.61
4344,2020-07-13,000925SZ,8.43,8.44,8.54,8.25,126942,106236580.0,3.46,0.72,0.06,2.79
4345,2020-07-14,000925SZ,8.4,8.08,8.4,7.97,166366,135431496.0,5.09,-4.27,-0.36,3.63
4346,2020-07-15,000925SZ,8.06,8.0,8.3,7.8,143917,115776819.0,6.19,-0.99,-0.08,3.14
4347,2020-07-16,000925SZ,7.9,7.66,8.0,7.65,90402,70693984.0,4.38,-4.25,-0.34,1.76
4348,2020-07-17,000925SZ,7.68,7.45,7.73,7.42,82325,62297852.0,4.05,-2.74,-0.21,1.6
4349,2020-07-20,000925SZ,7.53,7.79,7.79,7.52,62997,48367160.0,3.62,4.56,0.34,1.23
4350,2020-07-21,000925SZ,7.81,7.73,7.96,7.63,58352,45200655.0,4.24,-0.77,-0.06,1.14
4351,2020-07-22,000925SZ,7.76,8.26,8.48,7.7,168344,138173084.0,10.09,6.86,0.53,3.28
4352,2020-07-23,000925SZ,8.25,8.19,8.43,8.05,126890,104381904.0,4.6,-0.85,-0.07,2.47
4353,2020-07-24,000925SZ,8.18,7.69,8.26,7.37,140033,111401983.0,10.87,-6.11,-0.5,2.73
4354,2020-07-27,000925SZ,7.8,7.77,7.91,7.62,78063,60665916.0,3.77,1.04,0.08,1.52
4355,2020-07-28,000925SZ,7.81,7.76,7.98,7.68,55337,43329377.0,3.86,-0.13,-0.01,1.08
4356,2020-07-29,000925SZ,7.7,7.86,7.88,7.62,62825,48760435.0,3.35,1.29,0.1,1.22
4357,2020-07-30,000925SZ,7.86,7.74,7.88,7.7,48551,37656241.0,2.29,-1.53,-0.12,0.95
4358,2020-07-31,000925SZ,7.74,7.78,7.8,7.63,59144,45596100.0,2.2,0.52,0.04,1.11
4359,2020-08-03,000925SZ,7.8,8.05,8.05,7.79,70565,55910089.0,3.34,3.47,0.27,1.33
4360,2020-08-04,000925SZ,8.12,8.04,8.23,8.03,100911,81703855.0,2.48,-0.12,-0.01,1.9
4361,2020-08-05,000925SZ,8.07,8.07,8.17,8.0,56517,45649730.0,2.11,0.37,0.03,1.06
4362,2020-08-06,000925SZ,8.1,7.94,8.11,7.87,49836,39621736.0,2.97,-1.61,-0.13,0.94
4363,2020-08-07,000925SZ,7.89,7.6,7.89,7.49,83764,64045676.0,5.04,-4.28,-0.34,1.58
4364,2020-08-10,000925SZ,7.61,7.78,7.89,7.57,58529,45466825.0,4.21,2.37,0.18,1.1
4365,2020-08-11,000925SZ,7.78,7.71,7.85,7.69,45250,35016485.0,2.06,-0.9,-0.07,0.85
4366,2020-08-12,000925SZ,7.68,7.68,7.72,7.4,74494,56343224.0,4.15,-0.39,-0.03,1.4
4367,2020-08-13,000925SZ,7.67,7.92,8.12,7.64,118783,94486006.0,6.25,3.13,0.24,2.24
4368,2020-08-14,000925SZ,7.93,7.98,8.02,7.83,70049,55800319.0,2.4,0.76,0.06,1.32
4369,2020-08-17,000925SZ,8.01,8.05,8.15,7.95,75955,61061665.0,2.51,0.88,0.07,1.43
4370,2020-08-18,000925SZ,8.05,8.26,8.4,8.03,123147,101353376.0,4.6,2.61,0.21,2.32
4371,2020-08-19,000925SZ,8.3,8.1,8.33,8.08,91763,74995929.0,3.03,-1.94,-0.16,1.73
4372,2020-08-20,000925SZ,8.0,7.97,8.18,7.91,53871,43265425.0,3.33,-1.6,-0.13,1.02
4373,2020-08-21,000925SZ,8.1,8.31,8.35,8.09,120785,99616124.0,3.26,4.27,0.34,2.28
4374,2020-08-24,000925SZ,8.43,8.36,8.48,8.22,83582,69992542.0,3.13,0.6,0.05,1.58
4375,2020-08-25,000925SZ,8.5,8.27,8.5,8.23,81703,68010380.0,3.23,-1.08,-0.09,1.54
4376,2020-08-26,000925SZ,8.24,8.78,9.1,8.21,444727,393922704.0,10.76,6.17,0.51,8.38
4377,2020-08-27,000925SZ,8.47,8.4,8.55,7.91,316489,262283245.0,7.29,-4.33,-0.38,5.96
4378,2020-08-28,000925SZ,8.25,8.46,8.66,8.23,173323,146273142.0,5.12,0.71,0.06,3.27
4379,2020-08-31,000925SZ,8.4,8.26,8.56,8.26,137951,115301084.0,3.55,-2.36,-0.2,2.6
4380,2020-09-01,000925SZ,8.3,8.3,8.41,8.22,73322,60707273.0,2.3,0.48,0.04,1.38
4381,2020-09-02,000925SZ,8.35,8.4,8.53,8.24,82490,69163751.0,3.49,1.2,0.1,1.55
4382,2020-09-03,000925SZ,8.5,8.52,8.65,8.32,107705,91586480.0,3.93,1.43,0.12,2.03
4383,2020-09-04,000925SZ,8.3,8.58,8.59,8.3,72687,61872072.0,3.4,0.7,0.06,1.37
4384,2020-09-07,000925SZ,8.64,8.59,8.87,8.55,121243,105615471.0,3.73,0.12,0.01,2.28
4385,2020-09-08,000925SZ,8.66,8.86,8.95,8.59,99394,87486334.0,4.19,3.14,0.27,1.87
4386,2020-09-09,000925SZ,8.77,8.63,9.05,8.62,116168,102824886.0,4.85,-2.6,-0.23,2.19
4387,2020-09-10,000925SZ,8.7,8.35,8.81,8.31,121245,103709512.0,5.79,-3.24,-0.28,2.28
4388,2020-09-11,000925SZ,8.38,8.72,8.72,8.19,93089,79321527.0,6.35,4.43,0.37,1.75
4389,2020-09-14,000925SZ,8.88,8.65,9.2,8.49,95549,82910414.0,8.14,-0.8,-0.07,1.8
4390,2020-09-15,000925SZ,8.82,8.39,8.82,8.32,85348,72079440.0,5.78,-3.01,-0.26,1.61
4391,2020-09-16,000925SZ,8.48,8.3,8.49,8.2,68722,57111569.0,3.46,-1.07,-0.09,1.29
4392,2020-09-17,000925SZ,8.3,8.18,8.31,8.05,83048,67849604.0,3.13,-1.45,-0.12,1.56
4393,2020-09-18,000925SZ,8.24,8.31,8.39,8.08,49955,41248614.0,3.79,1.59,0.13,0.94
4394,2020-09-21,000925SZ,8.36,7.86,8.36,7.77,208230,165156037.0,7.1,-5.42,-0.45,3.92
4395,2020-09-22,000925SZ,7.78,7.65,7.78,7.51,111830,85198539.0,3.44,-2.67,-0.21,2.11
4396,2020-09-23,000925SZ,7.61,7.65,7.74,7.54,67413,51500766.0,2.61,0.0,0.0,1.27
4397,2020-09-24,000925SZ,7.65,7.49,7.66,7.4,60043,44991437.0,3.4,-2.09,-0.16,1.13
4398,2020-09-25,000925SZ,7.49,7.58,7.61,7.4,41832,31499879.0,2.8,1.2,0.09,0.79
4399,2020-09-28,000925SZ,7.65,7.39,7.75,7.39,56017,42204551.0,4.75,-2.51,-0.19,1.06
4400,2020-09-29,000925SZ,7.39,7.75,7.8,7.38,89058,67946788.0,5.68,4.87,0.36,1.68
4401,2020-09-30,000925SZ,7.7,7.61,7.79,7.61,44470,34125493.0,2.32,-1.81,-0.14,0.84
4402,2020-10-09,000925SZ,7.75,7.79,7.82,7.69,33906,26337449.0,1.71,2.37,0.18,0.64
4403,2020-10-12,000925SZ,7.79,7.95,8.0,7.74,62968,49869556.0,3.34,2.05,0.16,1.19
4404,2020-10-13,000925SZ,7.96,7.8,8.0,7.78,49918,39056484.0,2.77,-1.89,-0.15,0.94
4405,2020-10-14,000925SZ,7.85,7.58,7.87,7.56,54530,41701163.0,3.97,-2.82,-0.22,1.03
4406,2020-10-15,000925SZ,7.75,7.6,7.75,7.5,45522,34575908.0,3.3,0.26,0.02,0.86
4407,2020-10-16,000925SZ,7.6,7.5,7.66,7.47,38881,29293552.0,2.5,-1.32,-0.1,0.73
4408,2020-10-19,000925SZ,7.48,7.41,7.59,7.37,34671,25885363.0,2.93,-1.2,-0.09,0.65
4409,2020-10-20,000925SZ,7.39,7.39,7.49,7.32,47015,34710323.0,2.29,-0.27,-0.02,0.89
4410,2020-10-21,000925SZ,7.39,7.09,7.4,6.96,86480,61493516.0,5.95,-4.06,-0.3,1.63
4411,2020-10-22,000925SZ,7.09,7.07,7.18,6.94,53596,37644792.0,3.39,-0.28,-0.02,1.01
4412,2020-10-23,000925SZ,7.08,6.95,7.08,6.93,31287,21886964.0,2.12,-1.7,-0.12,0.59
4413,2020-10-26,000925SZ,6.96,7.03,7.16,6.85,39266,27663816.0,4.46,1.15,0.08,0.74
4414,2020-10-27,000925SZ,7.07,7.1,7.13,6.99,22463,15900381.0,1.99,1.0,0.07,0.42
4415,2020-10-28,000925SZ,7.1,7.03,7.1,6.97,39844,27915523.0,1.83,-0.99,-0.07,0.75
4416,2020-10-29,000925SZ,6.99,6.93,7.02,6.81,39814,27609033.0,2.99,-1.42,-0.1,0.75
4417,2020-10-30,000925SZ,6.9,6.84,7.04,6.83,40677,28187929.0,3.03,-1.3,-0.09,0.77
4418,2020-11-02,000925SZ,6.81,6.78,6.98,6.65,50171,34115429.0,4.82,-0.88,-0.06,0.95
4419,2020-11-03,000925SZ,6.79,7.02,7.04,6.77,46209,32001437.0,3.98,3.54,0.24,0.87
4420,2020-11-04,000925SZ,7.02,6.97,7.05,6.91,20721,14414182.0,1.99,-0.71,-0.05,0.39
4421,2020-11-05,000925SZ,6.99,7.05,7.08,6.98,45206,31818153.0,1.43,1.15,0.08,0.85
4422,2020-11-06,000925SZ,7.07,7.05,7.12,7.01,38174,26953898.0,1.56,0.0,0.0,0.72
4423,2020-11-09,000925SZ,7.07,7.23,7.26,7.07,57666,41411770.0,2.7,2.55,0.18,1.09
4424,2020-11-10,000925SZ,7.31,7.16,7.31,7.13,30837,22164908.0,2.49,-0.97,-0.07,0.58
4425,2020-11-11,000925SZ,7.24,7.19,7.34,7.16,31062,22407632.0,2.51,0.42,0.03,0.59
4426,2020-11-12,000925SZ,7.2,7.09,7.23,7.0,31862,22591098.0,3.2,-1.39,-0.1,0.6
4427,2020-11-13,000925SZ,7.07,7.06,7.1,6.96,34569,24290218.0,1.97,-0.42,-0.03,0.65
4428,2020-11-16,000925SZ,7.06,7.11,7.13,7.02,25855,18308689.0,1.56,0.71,0.05,0.49
4429,2020-11-17,000925SZ,7.11,7.14,7.16,7.04,24707,17554997.0,1.69,0.42,0.03,0.47
4430,2020-11-18,000925SZ,7.14,7.12,7.18,7.08,22753,16207235.0,1.4,-0.28,-0.02,0.43
4431,2020-11-19,000925SZ,7.1,7.11,7.14,7.07,26304,18683588.0,0.98,-0.14,-0.01,0.5
4432,2020-11-20,000925SZ,7.1,7.11,7.13,7.03,18224,12897144.0,1.41,0.0,0.0,0.34
4433,2020-11-23,000925SZ,7.11,7.13,7.17,7.05,27208,19317046.0,1.69,0.28,0.02,0.51
4434,2020-11-24,000925SZ,7.12,7.2,7.28,7.09,39517,28456008.0,2.66,0.98,0.07,0.74
4435,2020-11-25,000925SZ,7.2,7.28,7.33,7.15,44165,32071795.0,2.5,1.11,0.08,0.83
4436,2020-11-26,000925SZ,7.26,7.16,7.29,7.14,27570,19858926.0,2.06,-1.65,-0.12,0.52
4437,2020-11-27,000925SZ,7.16,7.1,7.19,7.06,21767,15481624.0,1.82,-0.84,-0.06,0.41
4438,2020-11-30,000925SZ,7.1,7.08,7.13,7.03,32182,22820947.0,1.41,-0.28,-0.02,0.61
4439,2020-12-01,000925SZ,7.06,7.1,7.12,7.03,25828,18299312.0,1.27,0.28,0.02,0.49
4440,2020-12-02,000925SZ,7.1,7.11,7.13,7.05,25236,17885580.0,1.13,0.14,0.01,0.48
4441,2020-12-03,000925SZ,7.11,7.1,7.14,7.05,21409,15186933.0,1.27,-0.14,-0.01,0.4
4442,2020-12-04,000925SZ,7.13,7.13,7.14,7.06,18924,13443961.0,1.13,0.42,0.03,0.36
4443,2020-12-07,000925SZ,7.17,7.21,7.28,7.12,38925,28061413.0,2.24,1.12,0.08,0.73
4444,2020-12-08,000925SZ,7.22,7.09,7.24,7.05,37105,26463823.0,2.64,-1.66,-0.12,0.7
4445,2020-12-09,000925SZ,7.13,6.75,7.13,6.72,77971,53527779.0,5.78,-4.8,-0.34,1.47
4446,2020-12-10,000925SZ,6.75,6.61,6.76,6.58,55371,36865506.0,2.67,-2.07,-0.14,1.04
4447,2020-12-11,000925SZ,6.62,6.56,6.66,6.35,55321,35937031.0,4.69,-0.76,-0.05,1.04
4448,2020-12-14,000925SZ,6.56,6.57,6.71,6.46,40051,26246512.0,3.81,0.15,0.01,0.75
4449,2020-12-15,000925SZ,6.51,6.53,6.58,6.49,27413,17903355.0,1.37,-0.61,-0.04,0.52
4450,2020-12-16,000925SZ,6.53,6.22,6.55,6.21,55289,35069413.0,5.21,-4.75,-0.31,1.04
4451,2020-12-17,000925SZ,6.22,6.29,6.32,6.14,36859,23027387.0,2.89,1.13,0.07,0.69
4452,2020-12-18,000925SZ,6.33,6.25,6.38,6.24,27766,17500976.0,2.23,-0.64,-0.04,0.52
4453,2020-12-21,000925SZ,6.29,6.3,6.35,6.22,24415,15369172.0,2.08,0.8,0.05,0.46
4454,2020-12-22,000925SZ,6.32,6.04,6.32,5.95,81008,49415732.0,5.87,-4.13,-0.26,1.53
4455,2020-12-23,000925SZ,6.04,5.97,6.1,5.93,51003,30673918.0,2.81,-1.16,-0.07,0.96
4456,2020-12-24,000925SZ,5.97,5.88,6.07,5.83,38566,22836969.0,4.02,-1.51,-0.09,0.73
4457,2020-12-25,000925SZ,5.81,6.07,6.16,5.73,68919,41329163.0,7.31,3.23,0.19,1.3
4458,2020-12-28,000925SZ,6.05,6.25,6.42,5.96,76586,47685816.0,7.58,2.97,0.18,1.44
4459,2020-12-29,000925SZ,6.27,6.24,6.34,6.18,29893,18643337.0,2.56,-0.16,-0.01,0.56
4460,2020-12-30,000925SZ,6.19,6.26,6.29,6.15,32512,20207627.0,2.24,0.32,0.02,0.61
4461,2020-12-31,000925SZ,6.28,6.38,6.4,6.26,37636,23828761.0,2.24,1.92,0.12,0.72
4462,2021-01-04,000925SZ,6.37,6.3,6.4,6.26,47880,30288332.0,2.19,-1.25,-0.08,0.91
4463,2021-01-05,000925SZ,6.34,6.28,6.34,6.21,38943,24391607.0,2.06,-0.32,-0.02,0.74
4464,2021-01-06,000925SZ,6.29,6.12,6.36,6.1,34639,21332587.0,4.14,-2.55,-0.16,0.66
4465,2021-01-07,000925SZ,6.15,5.97,6.15,5.9,38246,22897009.0,4.08,-2.45,-0.15,0.73
4466,2021-01-08,000925SZ,6.04,6.26,6.37,5.86,62405,38381124.0,8.54,4.86,0.29,1.19
4467,2021-01-11,000925SZ,6.23,6.04,6.36,6.0,47025,28984274.0,5.75,-3.51,-0.22,0.9
4468,2021-01-12,000925SZ,5.98,6.08,6.15,5.95,25332,15399174.0,3.31,0.66,0.04,0.48
4469,2021-01-13,000925SZ,6.15,6.19,6.23,5.95,40013,24334609.0,4.61,1.81,0.11,0.76
4470,2021-01-14,000925SZ,6.19,6.48,6.59,6.16,80953,52276935.0,6.95,4.68,0.29,1.54
4471,2021-01-15,000925SZ,6.39,6.48,6.54,6.27,46251,29832372.0,4.17,0.0,0.0,0.88
4472,2021-01-18,000925SZ,6.48,6.46,6.65,6.38,50277,32460826.0,4.17,-0.31,-0.02,0.96
4473,2021-01-19,000925SZ,6.41,6.36,6.43,6.34,24341,15531824.0,1.39,-1.55,-0.1,0.46
4474,2021-01-20,000925SZ,6.36,6.33,6.37,6.26,27081,17093530.0,1.73,-0.47,-0.03,0.52
4475,2021-01-21,000925SZ,6.32,6.34,6.4,6.23,43536,27598011.0,2.69,0.16,0.01,0.83
4476,2021-01-22,000925SZ,6.33,6.5,6.66,6.15,90636,58172899.0,8.04,2.52,0.16,1.73
4477,2021-01-25,000925SZ,6.45,6.18,6.45,6.15,88521,55493046.0,4.62,-4.92,-0.32,1.69
4478,2021-01-26,000925SZ,6.13,6.09,6.26,6.04,28013,17134942.0,3.56,-1.46,-0.09,0.53
4479,2021-01-27,000925SZ,6.11,6.14,6.25,6.09,25012,15395717.0,2.63,0.82,0.05,0.48
4480,2021-01-28,000925SZ,6.16,5.98,6.16,5.97,33323,20152363.0,3.09,-2.61,-0.16,0.63
4481,2021-01-29,000925SZ,6.02,5.89,6.02,5.86,25520,15128741.0,2.68,-1.51,-0.09,0.49
4482,2021-02-01,000925SZ,5.9,6.03,6.15,5.88,46888,28227155.0,4.58,2.38,0.14,0.89
4483,2021-02-02,000925SZ,6.03,6.08,6.18,5.99,35431,21600287.0,3.15,0.83,0.05,0.68
4484,2021-02-03,000925SZ,6.09,6.02,6.13,6.01,22885,13858531.0,1.97,-0.99,-0.06,0.44
4485,2021-02-04,000925SZ,6.02,6.0,6.05,5.91,25349,15129772.0,2.33,-0.33,-0.02,0.48
4486,2021-02-05,000925SZ,6.0,5.8,6.03,5.79,35091,20633499.0,4.0,-3.33,-0.2,0.67
4487,2021-02-08,000925SZ,5.78,5.7,5.83,5.7,33253,19122111.0,2.24,-1.72,-0.1,0.63
4488,2021-02-09,000925SZ,5.71,5.92,6.0,5.64,31735,18459601.0,6.32,3.86,0.22,0.61
4489,2021-02-10,000925SZ,6.07,6.3,6.38,6.01,75931,47413301.0,6.25,6.42,0.38,1.45
4490,2021-02-18,000925SZ,6.35,6.36,6.43,6.3,49679,31623084.0,2.06,0.95,0.06,0.95
4491,2021-02-19,000925SZ,6.33,6.43,6.45,6.3,33951,21742908.0,2.36,1.1,0.07,0.65
4492,2021-02-22,000925SZ,6.49,6.45,6.63,6.44,59716,39018483.0,2.95,0.31,0.02,1.14
4493,2021-02-23,000925SZ,6.45,6.51,6.61,6.39,41900,27347823.0,3.41,0.93,0.06,0.8
4494,2021-02-24,000925SZ,6.61,6.51,6.63,6.47,40850,26698391.0,2.46,0.0,0.0,0.78
4495,2021-02-25,000925SZ,6.55,6.59,6.66,6.4,55028,36017307.0,3.99,1.23,0.08,1.05
4496,2021-02-26,000925SZ,6.5,6.64,6.69,6.49,45947,30440048.0,3.03,0.76,0.05,0.88
4497,2021-03-01,000925SZ,6.65,6.8,6.81,6.63,46045,31060878.0,2.71,2.41,0.16,0.88
4498,2021-03-02,000925SZ,6.79,6.71,6.82,6.69,38114,25682470.0,1.91,-1.32,-0.09,0.73
4499,2021-03-03,000925SZ,6.7,6.91,6.98,6.69,52252,35933651.0,4.32,2.98,0.2,1.0
4500,2021-03-04,000925SZ,6.94,6.88,7.02,6.86,39534,27465514.0,2.32,-0.43,-0.03,0.75
4501,2021-03-05,000925SZ,6.89,6.88,6.95,6.83,26067,17933109.0,1.74,0.0,0.0,0.5
4502,2021-03-08,000925SZ,6.86,6.77,6.93,6.74,31786,21732782.0,2.76,-1.6,-0.11,0.61
4503,2021-03-09,000925SZ,6.78,6.62,6.96,6.49,47343,31733075.0,6.94,-2.22,-0.15,0.9
4504,2021-03-10,000925SZ,6.66,6.56,6.75,6.55,31841,21060446.0,3.02,-0.91,-0.06,0.61
4505,2021-03-11,000925SZ,6.56,6.77,6.77,6.53,27567,18286741.0,3.66,3.2,0.21,0.53
4506,2021-03-12,000925SZ,6.77,6.76,6.85,6.63,36225,24433727.0,3.25,-0.15,-0.01,0.69
4507,2021-03-15,000925SZ,6.78,6.75,6.88,6.71,20200,13704878.0,2.51,-0.15,-0.01,0.39
4508,2021-03-16,000925SZ,6.77,6.79,6.83,6.73,36949,25038030.0,1.48,0.59,0.04,0.7
4509,2021-03-17,000925SZ,6.85,6.77,6.85,6.73,26282,17818931.0,1.77,-0.29,-0.02,0.5
4510,2021-03-18,000925SZ,6.77,6.68,6.83,6.68,25149,16962443.0,2.22,-1.33,-0.09,0.48
4511,2021-03-19,000925SZ,6.67,6.74,6.77,6.6,34270,22947581.0,2.54,0.9,0.06,0.65
4512,2021-03-22,000925SZ,6.74,6.73,6.89,6.69,53396,36267490.0,2.97,-0.15,-0.01,1.02
4513,2021-03-23,000925SZ,6.81,6.58,6.84,6.52,40795,27107239.0,4.75,-2.23,-0.15,0.78
4514,2021-03-24,000925SZ,6.7,6.58,6.79,6.56,38100,25404854.0,3.5,0.0,0.0,0.73
4515,2021-03-25,000925SZ,6.56,6.51,6.65,6.5,32047,21041046.0,2.28,-1.06,-0.07,0.61
4516,2021-03-26,000925SZ,6.57,6.59,6.62,6.53,15812,10398682.0,1.38,1.23,0.08,0.3
4517,2021-03-29,000925SZ,6.55,6.61,6.68,6.55,32012,21199088.0,1.97,0.3,0.02,0.61
4518,2021-03-30,000925SZ,6.61,6.55,6.61,6.5,25764,16846609.0,1.66,-0.91,-0.06,0.49
4519,2021-03-31,000925SZ,6.55,6.58,6.61,6.5,19363,12703333.0,1.68,0.46,0.03,0.37
4520,2021-04-01,000925SZ,6.64,6.62,6.65,6.55,26453,17458782.0,1.52,0.61,0.04,0.5
4521,2021-04-02,000925SZ,6.6,6.55,6.61,6.52,22043,14449631.0,1.36,-1.06,-0.07,0.42
4522,2021-04-06,000925SZ,6.81,6.81,6.9,6.72,57229,38957327.0,2.75,3.97,0.26,1.09
4523,2021-04-07,000925SZ,6.78,7.0,7.23,6.72,98199,69262456.0,7.49,2.79,0.19,1.87
4524,2021-04-08,000925SZ,6.98,6.9,7.08,6.89,51985,36151889.0,2.71,-1.43,-0.1,0.99
4525,2021-04-09,000925SZ,6.93,6.83,6.96,6.78,34312,23537272.0,2.61,-1.01,-0.07,0.65
4526,2021-04-12,000925SZ,6.84,6.65,6.86,6.64,34126,22955108.0,3.22,-2.64,-0.18,0.65
4527,2021-04-13,000925SZ,6.66,6.54,6.7,6.54,29273,19317497.0,2.41,-1.65,-0.11,0.56
4528,2021-04-14,000925SZ,6.53,6.57,6.65,6.53,23922,15787486.0,1.83,0.46,0.03,0.46
4529,2021-04-15,000925SZ,6.58,6.66,6.7,6.55,29349,19429415.0,2.28,1.37,0.09,0.56
4530,2021-04-16,000925SZ,6.71,6.68,6.76,6.65,35610,23827416.0,1.65,0.3,0.02,0.68
4531,2021-04-19,000925SZ,6.68,6.88,7.0,6.63,91579,62941814.0,5.54,2.99,0.2,1.75
4532,2021-04-20,000925SZ,6.86,6.76,6.88,6.7,52325,35491225.0,2.62,-1.74,-0.12,1.0
4533,2021-04-21,000925SZ,6.8,6.69,6.8,6.68,26401,17802902.0,1.78,-1.04,-0.07,0.5
4534,2021-04-22,000925SZ,6.7,6.64,6.77,6.61,31426,20946389.0,2.39,-0.75,-0.05,0.6
4535,2021-04-23,000925SZ,6.61,6.73,6.77,6.56,28845,19218059.0,3.16,1.36,0.09,0.55
4536,2021-04-26,000925SZ,6.73,6.66,6.76,6.6,29804,19867934.0,2.38,-1.04,-0.07,0.57
4537,2021-04-27,000925SZ,6.63,6.76,6.79,6.56,44012,29375505.0,3.45,1.5,0.1,0.84
4538,2021-04-28,000925SZ,6.74,6.68,6.88,6.66,36904,24923968.0,3.25,-1.18,-0.08,0.7
4539,2021-04-29,000925SZ,6.72,6.96,6.98,6.66,91467,62816660.0,4.79,4.19,0.28,1.74
4540,2021-04-30,000925SZ,6.93,6.93,6.96,6.84,44543,30708616.0,1.72,-0.43,-0.03,0.85
4541,2021-05-06,000925SZ,6.91,6.95,6.98,6.87,49975,34637249.0,1.59,0.29,0.02,0.95
4542,2021-05-07,000925SZ,6.97,6.85,7.02,6.8,41620,28804886.0,3.17,-1.44,-0.1,0.79
4543,2021-05-10,000925SZ,6.85,6.82,6.91,6.74,31560,21550342.0,2.48,-0.44,-0.03,0.6
4544,2021-05-11,000925SZ,6.81,7.03,7.08,6.79,61867,43132175.0,4.25,3.08,0.21,1.18
4545,2021-05-12,000925SZ,7.0,7.02,7.02,6.93,42543,29710340.0,1.28,-0.14,-0.01,0.81
4546,2021-05-13,000925SZ,6.96,7.0,7.12,6.94,44701,31475963.0,2.56,-0.28,-0.02,0.85
4547,2021-05-14,000925SZ,7.06,7.11,7.24,7.0,85659,60968936.0,3.43,1.57,0.11,1.63
4548,2021-05-17,000925SZ,7.06,6.99,7.12,6.9,58039,40496345.0,3.09,-1.69,-0.12,1.11
4549,2021-05-18,000925SZ,6.99,6.9,6.99,6.89,31459,21752276.0,1.43,-1.29,-0.09,0.6
4550,2021-05-19,000925SZ,6.88,6.9,6.96,6.86,26857,18525156.0,1.45,0.0,0.0,0.51
4551,2021-05-20,000925SZ,6.9,6.71,6.94,6.66,42845,29016691.0,4.06,-2.75,-0.19,0.82
4552,2021-05-21,000925SZ,6.73,6.64,6.76,6.62,25497,17076282.0,2.09,-1.04,-0.07,0.49
4553,2021-05-24,000925SZ,6.63,6.73,6.76,6.62,22844,15331101.0,2.11,1.36,0.09,0.44
4554,2021-05-25,000925SZ,6.67,6.75,6.76,6.65,23882,16026183.0,1.63,0.3,0.02,0.46
4555,2021-05-26,000925SZ,6.75,6.72,6.77,6.7,32391,21812788.0,1.04,-0.44,-0.03,0.62
4556,2021-05-27,000925SZ,6.72,6.87,6.87,6.69,32461,22092371.0,2.68,2.23,0.15,0.62
4557,2021-05-28,000925SZ,6.84,6.95,7.1,6.77,72743,50528853.0,4.8,1.16,0.08,1.39
4558,2021-05-31,000925SZ,6.97,7.13,7.13,6.8,93265,65490274.0,4.75,2.59,0.18,1.78
4559,2021-06-01,000925SZ,7.08,7.11,7.18,7.04,71154,50701935.0,1.96,-0.28,-0.02,1.36
4560,2021-06-02,000925SZ,7.24,7.82,7.82,7.24,346423,265812949.0,8.16,9.99,0.71,6.6
4561,2021-06-03,000925SZ,8.09,8.6,8.6,8.07,341402,290120400.0,6.78,9.97,0.78,6.51
4562,2021-06-04,000925SZ,8.36,8.46,9.18,7.93,664482,559360208.0,14.53,-1.63,-0.14,12.67
4563,2021-06-07,000925SZ,8.55,8.68,9.17,8.15,674932,585678880.0,12.06,2.6,0.22,12.87
4564,2021-06-08,000925SZ,8.45,8.8,9.09,8.35,507622,441398640.0,8.53,1.38,0.12,9.68
4565,2021-06-09,000925SZ,8.61,8.76,9.1,8.46,520604,454869248.0,7.27,-0.45,-0.04,9.93
4566,2021-06-10,000925SZ,8.95,8.69,9.07,8.45,375656,325229344.0,7.08,-0.8,-0.07,7.16
4567,2021-06-11,000925SZ,9.0,8.34,9.56,8.32,427498,372848064.0,14.27,-4.03,-0.35,8.15
4568,2021-06-15,000925SZ,8.4,8.15,8.47,7.94,299521,242743897.0,6.35,-2.28,-0.19,5.71
4569,2021-06-16,000925SZ,8.18,7.94,8.37,7.94,183961,149527332.0,5.28,-2.58,-0.21,3.51
4570,2021-06-17,000925SZ,8.03,8.49,8.49,7.93,262115,214948703.0,7.05,6.93,0.55,5.0
4571,2021-06-18,000925SZ,8.38,8.13,8.62,8.13,221984,184227913.0,5.77,-4.24,-0.36,4.23
4572,2021-06-21,000925SZ,8.2,8.23,8.33,8.06,178233,145831875.0,3.32,1.23,0.1,3.4
4573,2021-06-22,000925SZ,8.3,8.4,8.58,8.13,222480,186516964.0,5.47,2.07,0.17,4.24
4574,2021-06-23,000925SZ,8.4,8.23,8.44,8.14,198637,163399047.0,3.57,-2.02,-0.17,3.79
4575,2021-06-24,000925SZ,8.18,7.62,8.29,7.54,290707,229134386.0,9.11,-7.41,-0.61,5.54
4576,2021-06-25,000925SZ,7.58,7.63,7.69,7.5,138832,105452628.0,2.49,0.13,0.01,2.65
4577,2021-06-28,000925SZ,7.65,7.5,7.84,7.39,152762,115673340.0,5.9,-1.7,-0.13,2.91
4578,2021-06-29,000925SZ,7.47,7.52,7.56,7.4,94201,70430655.0,2.13,0.27,0.02,1.8
4579,2021-06-30,000925SZ,7.55,7.67,7.76,7.47,131157,100118690.0,3.86,1.99,0.15,2.5
4580,2021-07-01,000925SZ,7.68,7.3,7.71,7.3,116496,87139487.0,5.35,-4.82,-0.37,2.22
4581,2021-07-02,000925SZ,7.27,7.44,7.52,7.21,92298,68424053.0,4.25,1.92,0.14,1.76
4582,2021-07-05,000925SZ,7.47,7.74,7.81,7.4,155520,119084557.0,5.51,4.03,0.3,2.95
4583,2021-07-06,000925SZ,7.7,7.64,7.77,7.53,98895,75557285.0,3.1,-1.29,-0.1,1.87
4584,2021-07-07,000925SZ,7.55,7.57,7.72,7.5,96717,73202886.0,2.88,-0.92,-0.07,1.83
4585,2021-07-08,000925SZ,7.5,7.5,7.64,7.46,110443,83214434.0,2.38,-0.92,-0.07,2.09
4586,2021-07-09,000925SZ,7.43,7.63,7.65,7.36,134131,101257255.0,3.87,1.73,0.13,2.54
4587,2021-07-12,000925SZ,7.64,7.71,7.79,7.58,133847,103064884.0,2.75,1.05,0.08,2.53
4588,2021-07-13,000925SZ,7.68,7.83,7.87,7.63,133020,103565993.0,3.11,1.56,0.12,2.52
4589,2021-07-14,000925SZ,7.87,8.07,8.22,7.77,227312,182195491.0,5.75,3.07,0.24,4.3
4590,2021-07-15,000925SZ,8.08,7.85,8.16,7.7,173739,136543643.0,5.7,-2.73,-0.22,3.29
4591,2021-07-16,000925SZ,7.89,7.97,8.18,7.89,147795,118736196.0,3.69,1.53,0.12,2.8
4592,2021-07-19,000925SZ,7.82,7.71,7.9,7.6,134374,103959501.0,3.76,-3.26,-0.26,2.54
4593,2021-07-20,000925SZ,7.61,7.92,7.93,7.52,95322,74257902.0,5.32,2.72,0.21,1.81
4594,2021-07-21,000925SZ,7.91,8.02,8.1,7.89,124237,99436516.0,2.65,1.26,0.1,2.35
4595,2021-07-22,000925SZ,8.09,8.29,8.38,7.99,182308,149261262.0,4.86,3.37,0.27,3.45
4596,2021-07-23,000925SZ,8.24,8.51,8.58,8.21,223515,188181727.0,4.46,2.65,0.22,4.23
4597,2021-07-26,000925SZ,8.51,8.37,8.65,8.18,209133,176345368.0,5.52,-1.65,-0.14,3.96
4598,2021-07-27,000925SZ,8.36,8.22,8.7,8.21,199412,169231925.0,5.85,-1.79,-0.15,3.78
4599,2021-07-28,000925SZ,8.14,8.1,8.38,7.77,165936,134040508.0,7.42,-1.46,-0.12,3.14
4600,2021-07-29,000925SZ,8.25,8.42,8.55,8.2,173282,145463636.0,4.32,3.95,0.32,3.28
4601,2021-07-30,000925SZ,8.4,8.74,8.78,8.35,205094,177057047.0,5.11,3.8,0.32,3.88
4602,2021-08-02,000925SZ,8.75,8.65,8.81,8.51,199683,172488275.0,3.43,-1.03,-0.09,3.78
4603,2021-08-03,000925SZ,8.64,8.34,8.65,8.28,161852,136726863.0,4.28,-3.58,-0.31,3.07
4604,2021-08-04,000925SZ,8.36,8.43,8.63,8.33,155214,131495636.0,3.6,1.08,0.09,2.94
4605,2021-08-05,000925SZ,8.44,8.3,8.53,8.26,104705,87435394.0,3.2,-1.54,-0.13,1.98
4606,2021-08-06,000925SZ,8.27,8.4,8.43,8.23,81662,68167942.0,2.41,1.2,0.1,1.55
4607,2021-08-09,000925SZ,8.33,8.57,8.66,8.33,126954,108039814.0,3.93,2.02,0.17,2.4
4608,2021-08-10,000925SZ,8.53,8.5,8.64,8.43,111196,94906493.0,2.45,-0.82,-0.07,2.11
4609,2021-08-11,000925SZ,8.53,8.38,8.53,8.35,96212,80786461.0,2.12,-1.41,-0.12,1.82
4610,2021-08-12,000925SZ,8.34,8.89,9.03,8.33,278299,244702415.0,8.35,6.09,0.51,5.27
4611,2021-08-13,000925SZ,8.92,8.88,9.04,8.8,169697,151247084.0,2.7,-0.11,-0.01,3.21
4612,2021-08-16,000925SZ,8.95,8.87,9.18,8.8,167868,150994771.0,4.28,-0.11,-0.01,3.18
4613,2021-08-17,000925SZ,8.88,8.29,8.93,8.18,203424,173975442.0,8.46,-6.54,-0.58,3.85
4614,2021-08-18,000925SZ,8.3,8.42,8.44,8.26,118565,99026823.0,2.17,1.57,0.13,2.25
4615,2021-08-19,000925SZ,8.35,8.28,8.51,8.22,105267,87648114.0,3.44,-1.66,-0.14,2.0
4616,2021-08-20,000925SZ,8.7,9.11,9.11,8.7,219446,198654873.0,4.95,10.02,0.83,4.16
4617,2021-08-23,000925SZ,9.3,9.79,10.02,9.04,661208,631772672.0,10.76,7.46,0.68,12.61
4618,2021-08-24,000925SZ,9.62,9.49,9.77,9.37,355765,339729184.0,4.09,-3.06,-0.3,6.78
4619,2021-08-25,000925SZ,9.54,9.58,9.67,9.39,201455,192179806.0,2.95,0.95,0.09,3.84
4620,2021-08-26,000925SZ,9.48,9.43,9.8,9.38,214345,205193610.0,4.38,-1.57,-0.15,4.09
4621,2021-08-27,000925SZ,9.38,9.42,9.47,9.25,153258,143532148.0,2.33,-0.11,-0.01,2.92
4622,2021-08-30,000925SZ,9.43,9.22,9.55,9.16,172384,159846900.0,4.14,-2.12,-0.2,3.29
4623,2021-08-31,000925SZ,9.26,9.49,9.64,9.16,228294,216253536.0,5.21,2.93,0.27,4.35
4624,2021-09-01,000925SZ,9.46,9.18,9.62,9.02,193394,179963238.0,6.32,-3.27,-0.31,3.69
4625,2021-09-02,000925SZ,9.13,9.39,9.43,9.05,114745,106672587.0,4.14,2.29,0.21,2.19
4626,2021-09-03,000925SZ,9.34,9.39,9.62,9.21,138503,130599184.0,4.37,0.0,0.0,2.64
4627,2021-09-06,000925SZ,9.45,10.1,10.2,9.33,285209,280164160.0,9.27,7.56,0.71,5.44
4628,2021-09-07,000925SZ,9.91,9.98,10.06,9.78,169166,167383624.0,2.77,-1.19,-0.12,3.23
4629,2021-09-08,000925SZ,9.9,9.59,9.9,9.55,176599,170970748.0,3.51,-3.91,-0.39,3.37
4630,2021-09-09,000925SZ,9.56,9.67,9.68,9.4,129862,123855309.0,2.92,0.83,0.08,2.48
4631,2021-09-10,000925SZ,9.67,9.79,9.88,9.4,164092,158674373.0,4.96,1.24,0.12,3.13
4632,2021-09-13,000925SZ,9.8,9.58,9.93,9.48,144943,139776742.0,4.6,-2.15,-0.21,2.76
4633,2021-09-14,000925SZ,9.47,9.12,9.6,9.1,174053,161466074.0,5.22,-4.8,-0.46,3.32
4634,2021-09-15,000925SZ,9.08,9.24,9.25,8.88,87045,79617158.0,4.06,1.32,0.12,1.66
4635,2021-09-16,000925SZ,9.27,9.1,9.37,9.08,81534,75053882.0,3.14,-1.52,-0.14,1.55
4636,2021-09-17,000925SZ,9.1,8.79,9.18,8.68,131609,116572614.0,5.49,-3.41,-0.31,2.51
4637,2021-09-22,000925SZ,8.71,8.9,8.9,8.67,65906,57878350.0,2.62,1.25,0.11,1.26
4638,2021-09-23,000925SZ,8.91,9.2,9.25,8.84,92922,84608318.0,4.61,3.37,0.3,1.77
4639,2021-09-24,000925SZ,9.18,9.01,9.27,8.77,94375,84517335.0,5.43,-2.07,-0.19,1.8
4640,2021-09-27,000925SZ,9.01,8.12,9.04,8.11,152650,128570326.0,10.32,-9.88,-0.89,2.91
4641,2021-09-28,000925SZ,8.14,8.15,8.32,8.03,67932,55550405.0,3.57,0.37,0.03,1.3
4642,2021-09-29,000925SZ,8.08,8.16,8.32,7.91,112202,91153558.0,5.03,0.12,0.01,2.14
4643,2021-09-30,000925SZ,8.2,8.13,8.28,8.11,64875,53157842.0,2.08,-0.37,-0.03,1.24
4644,2021-10-08,000925SZ,8.13,8.29,8.38,8.11,67415,55414806.0,3.32,1.97,0.16,1.28
4645,2021-10-11,000925SZ,8.32,8.28,8.36,8.13,42172,34763494.0,2.77,-0.12,-0.01,0.8
4646,2021-10-12,000925SZ,8.22,8.1,8.28,7.93,56449,45567068.0,4.23,-2.17,-0.18,1.08
4647,2021-10-13,000925SZ,8.08,8.23,8.24,7.97,42416,34410698.0,3.33,1.6,0.13,0.81
4648,2021-10-14,000925SZ,8.15,8.46,8.49,8.15,85618,71723860.0,4.13,2.79,0.23,1.63
4649,2021-10-15,000925SZ,8.81,8.61,9.18,8.59,224038,197468947.0,6.97,1.77,0.15,4.27
4650,2021-10-18,000925SZ,8.6,8.67,8.91,8.6,102218,89230153.0,3.6,0.7,0.06,1.95
4651,2021-10-19,000925SZ,8.67,8.8,8.85,8.56,97968,85048941.0,3.34,1.5,0.13,1.87
4652,2021-10-20,000925SZ,8.78,8.66,8.92,8.6,75798,66277705.0,3.64,-1.59,-0.14,1.44
4653,2021-10-21,000925SZ,8.66,8.62,8.85,8.62,73100,63857910.0,2.66,-0.46,-0.04,1.39
4654,2021-10-22,000925SZ,8.62,8.32,8.62,8.31,87051,73305666.0,3.6,-3.48,-0.3,1.66
4655,2021-10-25,000925SZ,8.15,8.25,8.32,8.14,55669,45879687.0,2.16,-0.84,-0.07,1.06
4656,2021-10-26,000925SZ,8.25,8.37,8.42,8.25,60087,50069062.0,2.06,1.45,0.12,1.14
4657,2021-10-27,000925SZ,8.29,8.01,8.33,7.99,76930,62317834.0,4.06,-4.3,-0.36,1.47
4658,2021-10-28,000925SZ,7.98,7.47,7.99,7.38,128817,97621639.0,7.62,-6.74,-0.54,2.45
4659,2021-10-29,000925SZ,7.44,7.56,7.6,7.4,56900,42714774.0,2.68,1.2,0.09,1.08
4660,2021-11-01,000925SZ,7.57,7.69,7.75,7.54,50495,38747423.0,2.78,1.72,0.13,0.96
4661,2021-11-02,000925SZ,7.73,7.48,7.82,7.4,76271,57819494.0,5.46,-2.73,-0.21,1.45
4662,2021-11-03,000925SZ,7.47,7.6,7.61,7.43,44633,33701669.0,2.41,1.6,0.12,0.85
4663,2021-11-04,000925SZ,7.59,7.64,7.66,7.56,52152,39773956.0,1.32,0.53,0.04,0.99
4664,2021-11-05,000925SZ,7.65,7.56,7.71,7.54,63359,48336793.0,2.23,-1.05,-0.08,1.21
4665,2021-11-08,000925SZ,7.6,7.6,7.65,7.4,49380,37410518.0,3.31,0.53,0.04,0.94
4666,2021-11-09,000925SZ,7.59,7.97,8.05,7.56,134716,105991708.0,6.45,4.87,0.37,2.57
4667,2021-11-10,000925SZ,7.9,8.08,8.15,7.8,88489,70775411.0,4.39,1.38,0.11,1.69
4668,2021-11-11,000925SZ,8.0,8.12,8.15,7.97,72259,58254140.0,2.23,0.5,0.04,1.38
4669,2021-11-12,000925SZ,8.1,8.26,8.28,8.03,79422,65071087.0,3.08,1.72,0.14,1.51
4670,2021-11-15,000925SZ,8.37,8.39,8.54,8.22,95399,80094590.0,3.87,1.57,0.13,1.82
4671,2021-11-16,000925SZ,8.36,8.25,8.46,8.24,76630,63925921.0,2.62,-1.67,-0.14,1.46
4672,2021-11-17,000925SZ,8.29,8.39,8.45,8.25,67722,56664444.0,2.42,1.7,0.14,1.29
4673,2021-11-18,000925SZ,8.37,8.26,8.5,8.2,102661,85362146.0,3.58,-1.55,-0.13,1.96
4674,2021-11-19,000925SZ,8.28,8.42,8.45,8.19,87253,72899687.0,3.15,1.94,0.16,1.66
4675,2021-11-22,000925SZ,8.41,8.5,8.53,8.32,77276,65290726.0,2.49,0.95,0.08,1.47
4676,2021-11-23,000925SZ,8.5,8.6,8.66,8.43,81271,69780017.0,2.71,1.18,0.1,1.55
4677,2021-11-24,000925SZ,8.59,8.65,8.69,8.48,82873,71136875.0,2.44,0.58,0.05,1.58
4678,2021-11-25,000925SZ,8.65,8.65,8.77,8.6,77187,66979299.0,1.97,0.0,0.0,1.47
4679,2021-11-26,000925SZ,8.69,8.47,8.71,8.43,83663,71394832.0,3.24,-2.08,-0.18,1.59
4680,2021-11-29,000925SZ,8.39,8.31,8.47,8.24,116185,96794157.0,2.72,-1.89,-0.16,2.21
4681,2021-11-30,000925SZ,8.33,8.38,8.6,7.48,124233,104403542.0,13.48,0.84,0.07,2.37
4682,2021-12-01,000925SZ,8.35,8.7,8.72,8.3,136499,117139221.0,5.01,3.82,0.32,2.6
4683,2021-12-02,000925SZ,8.74,8.53,8.76,8.51,95019,81726021.0,2.87,-1.95,-0.17,1.81
4684,2021-12-03,000925SZ,8.55,8.66,8.75,8.55,78637,68069370.0,2.34,1.52,0.13,1.5
4685,2021-12-06,000925SZ,8.66,8.48,8.66,8.42,88138,74854955.0,2.77,-2.08,-0.18,1.68
4686,2021-12-07,000925SZ,8.48,8.11,8.51,8.07,101336,83175955.0,5.19,-4.36,-0.37,1.93
4687,2021-12-08,000925SZ,8.14,8.92,8.92,8.14,227235,199318983.0,9.62,9.99,0.81,4.33
4688,2021-12-09,000925SZ,8.87,8.61,8.9,8.6,291922,254301269.0,3.36,-3.48,-0.31,5.56
4689,2021-12-10,000925SZ,8.62,8.47,8.67,8.42,149615,127539483.0,2.9,-1.63,-0.14,2.85
4690,2021-12-13,000925SZ,8.51,8.5,8.55,8.33,101930,86289281.0,2.6,0.35,0.03,1.94
4691,2021-12-14,000925SZ,8.48,8.61,8.73,8.45,123741,106692152.0,3.29,1.29,0.11,2.36
4692,2021-12-15,000925SZ,8.58,8.72,8.76,8.53,123667,107004424.0,2.67,1.28,0.11,2.36
4693,2021-12-16,000925SZ,8.75,8.93,8.96,8.65,154180,136675577.0,3.56,2.41,0.21,2.94
4694,2021-12-17,000925SZ,8.95,8.78,9.17,8.76,141930,126234601.0,4.59,-1.68,-0.15,2.7
4695,2021-12-20,000925SZ,8.88,8.82,9.07,8.67,121059,107065916.0,4.56,0.46,0.04,2.31
4696,2021-12-21,000925SZ,8.85,9.13,9.17,8.75,155410,140159686.0,4.76,3.51,0.31,2.96
4697,2021-12-22,000925SZ,9.11,8.82,9.11,8.81,144930,128736771.0,3.29,-3.4,-0.31,2.76
4698,2021-12-23,000925SZ,8.88,8.98,9.13,8.71,128642,115071133.0,4.76,1.81,0.16,2.45
4699,2021-12-24,000925SZ,9.01,9.12,9.36,8.93,166851,151834272.0,4.79,1.56,0.14,3.18
4700,2021-12-27,000925SZ,9.02,9.2,9.2,8.74,143426,128602302.0,5.04,0.88,0.08,2.73
4701,2021-12-28,000925SZ,9.2,9.22,9.36,9.08,115347,106173292.0,3.04,0.22,0.02,2.2
4702,2021-12-29,000925SZ,9.23,9.18,9.25,9.02,84299,76768679.0,2.49,-0.43,-0.04,1.61
4703,2021-12-30,000925SZ,9.17,9.22,9.5,9.12,177171,165332487.0,4.14,0.44,0.04,3.37
4704,2021-12-31,000925SZ,9.25,9.26,9.36,9.1,132651,122560806.0,2.82,0.43,0.04,2.55
4705,2022-01-04,000925SZ,9.23,9.34,9.39,9.16,125458,116355532.0,2.48,0.86,0.08,2.41
4706,2022-01-05,000925SZ,9.3,9.06,9.33,9.0,151450,138000412.0,3.53,-3.0,-0.28,2.91
4707,2022-01-06,000925SZ,9.02,9.1,9.26,8.97,112706,102865014.0,3.2,0.44,0.04,2.16
4708,2022-01-07,000925SZ,9.1,8.74,9.19,8.72,155422,138370101.0,5.16,-3.96,-0.36,2.98
4709,2022-01-10,000925SZ,8.71,8.86,9.03,8.53,93448,82448606.0,5.72,1.37,0.12,1.79
4710,2022-01-11,000925SZ,8.95,8.92,9.35,8.89,136201,123745382.0,5.19,0.68,0.06,2.61
4711,2022-01-12,000925SZ,8.99,9.0,9.18,8.94,63337,56994820.0,2.69,0.9,0.08,1.22
4712,2022-01-13,000925SZ,9.04,8.9,9.06,8.87,64712,57983112.0,2.11,-1.11,-0.1,1.24
4713,2022-01-14,000925SZ,8.86,8.98,9.08,8.77,84649,75865320.0,3.48,0.9,0.08,1.62
4714,2022-01-17,000925SZ,9.0,9.27,9.28,9.0,160885,147838715.0,3.12,3.23,0.29,3.09
4715,2022-01-18,000925SZ,9.28,9.19,9.5,9.14,189124,176395955.0,3.88,-0.86,-0.08,3.63
4716,2022-01-19,000925SZ,9.2,9.28,9.42,9.15,161439,150240663.0,2.94,0.98,0.09,3.1
4717,2022-01-20,000925SZ,9.28,8.8,9.31,8.75,178847,159520788.0,6.03,-5.17,-0.48,3.43
4718,2022-01-21,000925SZ,8.72,8.62,8.9,8.58,85609,74625447.0,3.64,-2.05,-0.18,1.64
4719,2022-01-24,000925SZ,8.57,8.3,8.59,8.27,86825,72883777.0,3.71,-3.71,-0.32,1.67
4720,2022-01-25,000925SZ,8.31,8.0,8.35,7.98,87011,70562532.0,4.46,-3.61,-0.3,1.67
4721,2022-01-26,000925SZ,8.01,8.17,8.17,7.98,60669,49061912.0,2.38,2.13,0.17,1.16
4722,2022-01-27,000925SZ,8.64,8.46,8.94,8.46,238381,206626512.0,5.88,3.55,0.29,4.57
4723,2022-01-28,000925SZ,8.48,8.87,8.97,8.48,214217,188750000.0,5.79,4.85,0.41,4.11
4724,2022-02-07,000925SZ,8.97,9.19,9.24,8.79,185786,168490365.0,5.07,3.61,0.32,3.57
4725,2022-02-08,000925SZ,9.15,9.16,9.17,9.01,133317,121330720.0,1.74,-0.33,-0.03,2.48
4726,2022-02-09,000925SZ,9.19,9.23,9.23,9.09,123814,113385536.0,1.53,0.76,0.07,2.3
4727,2022-02-10,000925SZ,9.27,9.34,9.54,9.22,167649,156739380.0,3.47,1.19,0.11,3.12
4728,2022-02-11,000925SZ,9.26,9.09,9.3,9.03,136985,125131664.0,2.89,-2.68,-0.25,2.55
4729,2022-02-14,000925SZ,9.03,9.07,9.17,9.0,82009,74411523.0,1.87,-0.22,-0.02,1.53
4730,2022-02-15,000925SZ,9.07,9.98,9.98,9.06,401936,392471792.0,10.14,10.03,0.91,7.48
4731,2022-02-16,000925SZ,10.5,10.43,10.98,10.15,902683,946328528.0,8.32,4.51,0.45,16.8
4732,2022-02-17,000925SZ,10.33,9.81,10.48,9.8,613430,618381072.0,6.52,-5.94,-0.62,11.42
4733,2022-02-18,000925SZ,9.76,9.78,9.86,9.55,327373,319068624.0,3.16,-0.31,-0.03,6.09
4734,2022-02-21,000925SZ,9.8,9.81,9.9,9.68,312474,305782320.0,2.25,0.31,0.03,5.82
4735,2022-02-22,000925SZ,9.71,9.78,10.04,9.65,311684,307360320.0,3.98,-0.31,-0.03,5.8
4736,2022-02-23,000925SZ,9.7,10.32,10.32,9.66,469300,474956016.0,6.75,5.52,0.54,8.73
4737,2022-02-24,000925SZ,10.16,9.66,10.23,9.43,413247,407738864.0,7.75,-6.4,-0.66,7.69
4738,2022-02-25,000925SZ,9.84,9.88,10.17,9.71,236865,233692927.0,4.76,2.28,0.22,4.41
4739,2022-02-28,000925SZ,9.88,9.55,9.88,9.43,236052,225751370.0,4.55,-3.34,-0.33,4.39
4740,2022-03-01,000925SZ,9.54,9.82,9.83,9.51,185945,180163438.0,3.35,2.83,0.27,3.46
4741,2022-03-02,000925SZ,9.75,9.89,9.99,9.69,175679,172889934.0,3.05,0.71,0.07,3.27
4742,2022-03-03,000925SZ,9.95,10.12,10.27,9.89,283804,286901280.0,3.84,2.33,0.23,5.28
4743,2022-03-04,000925SZ,10.01,10.02,10.37,9.98,265406,270679088.0,3.85,-0.99,-0.1,4.94
4744,2022-03-07,000925SZ,9.9,9.8,10.2,9.78,188791,187750310.0,4.19,-2.2,-0.22,3.51
4745,2022-03-08,000925SZ,9.72,10.18,10.27,9.4,351274,347830672.0,8.88,3.88,0.38,6.54
4746,2022-03-09,000925SZ,10.19,10.61,10.65,10.04,510143,530033712.0,5.99,4.22,0.43,9.49
4747,2022-03-10,000925SZ,10.98,10.67,11.67,10.51,975610,1101223072.0,10.93,0.57,0.06,18.16
4748,2022-03-11,000925SZ,10.23,11.23,11.4,10.1,737494,794055072.0,12.18,5.25,0.56,13.73
4749,2022-03-14,000925SZ,11.8,10.38,11.8,10.37,643761,700166944.0,12.73,-7.57,-0.85,11.98
4750,2022-03-15,000925SZ,10.4,10.09,10.9,10.0,403527,423506224.0,8.67,-2.79,-0.29,7.51
4751,2022-03-16,000925SZ,10.31,10.41,10.49,9.6,463967,463778416.0,8.82,3.17,0.32,8.64
4752,2022-03-17,000925SZ,10.42,10.67,11.09,10.29,454020,487624096.0,7.68,2.5,0.26,8.45
4753,2022-03-18,000925SZ,10.58,10.27,10.62,10.22,320483,333036352.0,3.75,-3.75,-0.4,5.96
4754,2022-03-21,000925SZ,10.25,10.93,11.15,10.16,436077,471037488.0,9.64,6.43,0.66,8.12
4755,2022-03-22,000925SZ,10.86,10.78,11.22,10.74,362159,397081520.0,4.39,-1.37,-0.15,6.74
4756,2022-03-23,000925SZ,10.75,10.7,11.07,10.53,318122,343774432.0,5.01,-0.74,-0.08,5.92
4757,2022-03-24,000925SZ,10.59,10.34,10.67,10.32,224488,234041654.0,3.27,-3.36,-0.36,4.18
4758,2022-03-25,000925SZ,10.34,10.36,10.55,10.23,187058,194873854.0,3.09,0.19,0.02,3.48
4759,2022-03-28,000925SZ,10.25,10.13,10.27,9.83,198161,198959282.0,4.25,-2.22,-0.23,3.69
4760,2022-03-29,000925SZ,10.07,9.33,10.15,9.28,342933,330902864.0,8.59,-7.9,-0.8,6.38
4761,2022-03-30,000925SZ,9.4,9.27,9.45,9.16,179541,166864712.0,3.11,-0.64,-0.06,3.34
4762,2022-03-31,000925SZ,9.23,9.08,9.27,9.03,188589,172071481.0,2.59,-2.05,-0.19,3.51
4763,2022-04-01,000925SZ,9.0,9.1,9.26,8.93,149996,136139241.0,3.63,0.22,0.02,2.79
4764,2022-04-06,000925SZ,9.08,9.14,9.24,9.02,122144,111628913.0,2.42,0.44,0.04,2.27
4765,2022-04-07,000925SZ,9.05,8.64,9.09,8.58,187146,164764031.0,5.58,-5.47,-0.5,3.48
4766,2022-04-08,000925SZ,8.67,8.71,8.84,8.51,135504,117844453.0,3.82,0.81,0.07,2.52
4767,2022-04-11,000925SZ,8.71,8.33,8.75,8.26,130031,109748881.0,5.63,-4.36,-0.38,2.42
4768,2022-04-12,000925SZ,8.3,8.49,8.49,8.25,108557,91133976.0,2.88,1.92,0.16,2.02
4769,2022-04-13,000925SZ,8.44,8.2,8.45,8.18,99899,82872062.0,3.18,-3.42,-0.29,1.86
4770,2022-04-14,000925SZ,8.21,8.22,8.38,8.18,112384,93051104.0,2.44,0.24,0.02,2.09
4771,2022-04-15,000925SZ,8.22,8.14,8.27,8.05,107016,87293665.0,2.68,-0.97,-0.08,1.99
4772,2022-04-18,000925SZ,8.13,8.33,8.41,7.94,137927,113386681.0,5.77,2.33,0.19,2.57
4773,2022-04-19,000925SZ,8.3,8.33,8.39,8.22,79125,65823348.0,2.04,0.0,0.0,1.47
4774,2022-04-20,000925SZ,8.28,8.15,8.51,8.1,96284,79884935.0,4.92,-2.16,-0.18,1.79
4775,2022-04-21,000925SZ,8.26,7.74,8.27,7.63,142711,112424955.0,7.85,-5.03,-0.41,2.66
4776,2022-04-22,000925SZ,7.64,7.7,7.92,7.6,117446,91485016.0,4.13,-0.52,-0.04,2.19
4777,2022-04-25,000925SZ,7.52,6.93,7.57,6.93,196367,141379578.0,8.31,-10.0,-0.77,3.65
4778,2022-04-26,000925SZ,6.95,6.83,7.07,6.77,136570,94500437.0,4.33,-1.44,-0.1,2.54
4779,2022-04-27,000925SZ,6.41,6.92,7.0,6.27,274861,180284349.0,10.69,1.32,0.09,5.11
4780,2022-04-28,000925SZ,6.8,6.48,6.81,6.38,132421,87147997.0,6.21,-6.36,-0.44,2.46
4781,2022-04-29,000925SZ,6.62,6.9,6.92,6.59,131301,89344373.0,5.09,6.48,0.42,2.44
4782,2022-05-05,000925SZ,6.89,6.88,6.98,6.75,99118,68363752.0,3.33,-0.29,-0.02,1.84
4783,2022-05-06,000925SZ,6.75,6.79,6.9,6.67,79659,54083291.0,3.34,-1.31,-0.09,1.48
4784,2022-05-09,000925SZ,6.8,6.86,6.99,6.75,63281,43645732.0,3.53,1.03,0.07,1.18
4785,2022-05-10,000925SZ,6.8,7.05,7.06,6.75,97345,67956185.0,4.52,2.77,0.19,1.81
4786,2022-05-11,000925SZ,7.08,7.02,7.26,7.01,118342,84705051.0,3.55,-0.43,-0.03,2.2
4787,2022-05-12,000925SZ,7.02,7.1,7.15,6.95,85682,60484424.0,2.85,1.14,0.08,1.59
4788,2022-05-13,000925SZ,7.11,7.15,7.17,7.04,65715,46707914.0,1.83,0.7,0.05,1.22
4789,2022-05-16,000925SZ,7.18,7.09,7.22,7.05,64202,45743074.0,2.38,-0.84,-0.06,1.19
4790,2022-05-17,000925SZ,7.15,7.08,7.15,6.91,82527,57932653.0,3.39,-0.14,-0.01,1.54
4791,2022-05-18,000925SZ,7.07,7.14,7.19,7.05,72380,51673741.0,1.98,0.85,0.06,1.35
4792,2022-05-19,000925SZ,7.04,7.17,7.18,7.0,66688,47547917.0,2.52,0.42,0.03,1.24
4793,2022-05-20,000925SZ,7.17,7.21,7.27,7.17,72717,52447807.0,1.39,0.56,0.04,1.35
4794,2022-05-23,000925SZ,7.26,7.34,7.34,7.18,80404,58552197.0,2.22,1.8,0.13,1.5
4795,2022-05-24,000925SZ,7.32,6.86,7.34,6.86,126311,89718390.0,6.54,-6.54,-0.48,2.35
4796,2022-05-25,000925SZ,6.86,7.07,7.07,6.85,66033,46163000.0,3.21,3.06,0.21,1.23
4797,2022-05-26,000925SZ,7.08,7.11,7.16,6.9,75767,53434569.0,3.68,0.57,0.04,1.41
4798,2022-05-27,000925SZ,7.15,7.14,7.21,7.0,76306,54268461.0,2.95,0.42,0.03,1.42
4799,2022-05-30,000925SZ,7.19,7.28,7.29,7.06,79885,57596279.0,3.22,1.96,0.14,1.49
4800,2022-05-31,000925SZ,7.29,7.35,7.38,7.23,84072,61503721.0,2.06,0.96,0.07,1.56
4801,2022-06-01,000925SZ,7.39,7.42,7.49,7.31,78074,57841405.0,2.45,0.95,0.07,1.45
4802,2022-06-02,000925SZ,7.4,7.46,7.47,7.33,64481,47895014.0,1.89,0.54,0.04,1.2
4803,2022-06-06,000925SZ,7.51,7.57,7.63,7.51,100117,75735075.0,1.61,1.47,0.11,1.86
4804,2022-06-07,000925SZ,7.61,7.48,7.9,7.43,198456,151059439.0,6.21,-1.19,-0.09,3.69
4805,2022-06-08,000925SZ,7.45,7.42,7.57,7.25,120777,89483086.0,4.28,-0.8,-0.06,2.25
4806,2022-06-09,000925SZ,7.4,7.24,7.58,7.16,110695,81473980.0,5.66,-2.43,-0.18,2.06
4807,2022-06-10,000925SZ,7.24,7.28,7.34,7.11,128832,93466477.0,3.18,0.55,0.04,2.4
4808,2022-06-13,000925SZ,7.21,7.27,7.3,7.15,104147,75330026.0,2.06,-0.14,-0.01,1.94
4809,2022-06-14,000925SZ,7.29,7.34,7.35,6.97,126264,90306306.0,5.23,0.96,0.07,2.35
4810,2022-06-15,000925SZ,7.33,7.21,7.47,7.21,128179,93974729.0,3.54,-1.77,-0.13,2.39
4811,2022-06-16,000925SZ,7.21,7.32,7.45,7.2,115655,84803908.0,3.47,1.53,0.11,2.15
4812,2022-06-17,000925SZ,7.43,7.28,7.47,7.16,115351,84150599.0,4.23,-0.55,-0.04,2.15
4813,2022-06-20,000925SZ,7.26,7.29,7.36,7.25,80107,58512631.0,1.51,0.14,0.01,1.49
4814,2022-06-21,000925SZ,7.3,7.67,8.02,7.26,359252,275671376.0,10.43,5.21,0.38,6.68
4815,2022-06-22,000925SZ,7.65,8.19,8.36,7.48,473241,376677680.0,11.47,6.78,0.52,8.81
4816,2022-06-23,000925SZ,8.14,8.69,8.93,8.14,539051,456013680.0,9.65,6.11,0.5,10.03
4817,2022-06-24,000925SZ,8.53,8.3,8.7,8.28,335329,284834656.0,4.83,-4.49,-0.39,6.24
4818,2022-06-27,000925SZ,8.24,8.37,8.45,8.17,274153,226860307.0,3.37,0.84,0.07,5.1
4819,2022-06-28,000925SZ,8.22,8.33,8.57,8.12,262465,218595024.0,5.38,-0.48,-0.04,4.88
4820,2022-06-29,000925SZ,8.24,8.05,8.31,8.05,206121,168793563.0,3.12,-3.36,-0.28,3.84
4821,2022-06-30,000925SZ,8.1,7.91,8.14,7.88,186373,149249119.0,3.23,-1.74,-0.14,3.47
4822,2022-07-01,000925SZ,7.9,7.85,8.05,7.81,120206,95139319.0,3.03,-0.76,-0.06,2.24
4823,2022-07-04,000925SZ,7.85,7.93,8.0,7.78,114036,89937722.0,2.8,1.02,0.08,2.12
4824,2022-07-05,000925SZ,7.9,7.81,7.9,7.7,105524,82165160.0,2.52,-1.51,-0.12,1.95
4825,2022-07-06,000925SZ,7.82,7.92,8.0,7.76,134403,106136122.0,3.07,1.41,0.11,2.49
4826,2022-07-07,000925SZ,7.84,8.03,8.16,7.84,172950,139068900.0,4.04,1.39,0.11,3.2
4827,2022-07-08,000925SZ,8.01,7.9,8.08,7.85,98127,78009979.0,2.86,-1.62,-0.13,1.82
4828,2022-07-11,000925SZ,7.85,7.8,7.89,7.67,103826,80487555.0,2.78,-1.27,-0.1,1.92
4829,2022-07-12,000925SZ,7.79,7.53,7.79,7.51,117889,89733126.0,3.59,-3.46,-0.27,2.18
4830,2022-07-13,000925SZ,7.58,7.81,7.87,7.58,107190,83267718.0,3.85,3.72,0.28,1.98
4831,2022-07-14,000925SZ,7.88,7.93,8.03,7.73,102113,80564064.0,3.84,1.54,0.12,1.89
4832,2022-07-15,000925SZ,7.96,7.62,7.98,7.61,106696,82569760.69,4.67,-3.91,-0.31,1.97
4833,2022-07-18,000925SZ,7.62,7.9,7.9,7.62,94010,73667109.37,3.67,3.67,0.28,1.74
4834,2022-07-19,000925SZ,7.87,8.05,8.06,7.81,94046,74900195.92,3.16,1.9,0.15,1.74
4835,2022-07-20,000925SZ,8.01,8.03,8.05,7.94,64524,51603692.37,1.37,-0.25,-0.02,1.19
4836,2022-07-21,000925SZ,8.0,8.11,8.24,8.0,135957,110782424.25,2.99,1.0,0.08,2.52
4837,2022-07-22,000925SZ,8.1,8.13,8.25,8.0,93905,76178669.32,3.08,0.25,0.02,1.74
4838,2022-07-25,000925SZ,8.09,7.95,8.12,7.88,76484,61008622.3,2.95,-2.21,-0.18,1.42
4839,2022-07-26,000925SZ,7.92,8.14,8.14,7.82,75321,60392155.58,4.03,2.39,0.19,1.39
4840,2022-07-27,000925SZ,8.08,8.05,8.14,8.02,66177,53448718.48,1.47,-1.11,-0.09,1.22
4841,2022-07-28,000925SZ,8.14,8.08,8.24,8.07,95293,77626175.0,2.11,0.37,0.03,1.76
4842,2022-07-29,000925SZ,8.08,8.07,8.24,8.04,92434,75150864.92,2.48,-0.12,-0.01,1.71
4843,2022-08-01,000925SZ,8.06,8.06,8.13,7.99,76752,61763773.88,1.73,-0.12,-0.01,1.42
4844,2022-08-02,000925SZ,7.97,7.69,7.98,7.59,116841,90565193.04,4.84,-4.59,-0.37,2.16
4845,2022-08-03,000925SZ,7.67,7.88,8.2,7.66,158763,126508545.41,7.02,2.47,0.19,2.94
4846,2022-08-04,000925SZ,8.12,8.25,8.42,8.03,267221,219635377.8,4.95,4.7,0.37,4.95
4847,2022-08-05,000925SZ,8.36,8.42,8.55,8.24,249663,209041696.9,3.76,2.06,0.17,4.62
4848,2022-08-08,000925SZ,8.43,8.4,8.6,8.3,183609,154748049.33,3.56,-0.24,-0.02,3.4
4849,2022-08-09,000925SZ,8.43,8.34,8.44,8.23,115830,96121194.44,2.5,-0.71,-0.06,2.14
4850,2022-08-10,000925SZ,8.24,9.17,9.17,8.22,351416,308756260.46,11.39,9.95,0.83,6.51
4851,2022-08-11,000925SZ,9.52,8.98,9.67,8.97,688458,639181444.62,7.63,-2.07,-0.19,12.75
4852,2022-08-12,000925SZ,9.08,9.01,9.3,8.97,399886,364307946.12,3.67,0.33,0.03,7.4
4853,2022-08-15,000925SZ,8.85,8.87,9.12,8.83,221415,197356761.64,3.22,-1.55,-0.14,4.1
4854,2022-08-16,000925SZ,8.88,8.8,9.03,8.75,181191,160251625.0,3.16,-0.79,-0.07,3.35
4855,2022-08-17,000925SZ,8.9,8.84,8.95,8.75,162126,143108118.15,2.27,0.45,0.04,3.0
4856,2022-08-18,000925SZ,8.78,8.88,8.98,8.65,183615,162266528.3,3.73,0.45,0.04,3.4
4857,2022-08-19,000925SZ,8.83,8.64,8.88,8.55,180922,157269118.49,3.72,-2.7,-0.24,3.35
4858,2022-08-22,000925SZ,8.59,8.68,8.68,8.45,114944,98945541.56,2.66,0.46,0.04,2.13
4859,2022-08-23,000925SZ,8.57,8.63,8.75,8.53,128180,110472847.4,2.53,-0.58,-0.05,2.35
4860,2022-08-24,000925SZ,8.59,8.23,8.64,8.19,159945,133396330.22,5.21,-4.63,-0.4,2.93
4861,2022-08-25,000925SZ,8.23,8.17,8.33,8.06,103581,84323110.46,3.28,-0.73,-0.06,1.9
4862,2022-08-26,000925SZ,8.16,8.06,8.22,8.02,76838,62502959.91,2.45,-1.35,-0.11,1.41
4863,2022-08-29,000925SZ,7.94,8.11,8.12,7.82,53729,43183601.52,3.72,0.62,0.05,0.98
4864,2022-08-30,000925SZ,8.11,8.23,8.24,8.01,86125,69979015.77,2.84,1.48,0.12,1.58
4865,2022-08-31,000925SZ,8.22,7.92,8.22,7.86,111915,89417743.7,4.37,-3.77,-0.31,2.05
4866,2022-09-01,000925SZ,7.87,7.76,7.98,7.7,77596,60942864.43,3.54,-2.02,-0.16,1.42
4867,2022-09-02,000925SZ,7.79,7.99,8.04,7.77,79659,63080523.16,3.48,2.96,0.23,1.46
4868,2022-09-05,000925SZ,7.99,8.01,8.1,7.95,52627,42094635.79,1.88,0.25,0.02,0.96
4869,2022-09-06,000925SZ,8.01,8.12,8.13,7.96,65664,52940603.97,2.12,1.37,0.11,1.2
4870,2022-09-07,000925SZ,8.1,8.14,8.18,8.06,63720,51889941.0,1.48,0.25,0.02,1.16
4871,2022-09-08,000925SZ,8.12,7.93,8.14,7.91,62428,50038449.23,2.83,-2.58,-0.21,1.14
4872,2022-09-09,000925SZ,7.93,7.9,7.99,7.85,39518,31243918.8,1.77,-0.38,-0.03,0.72
4873,2022-09-13,000925SZ,7.91,7.85,8.01,7.85,35680,28167268.0,2.03,-0.63,-0.05,0.65
4874,2022-09-14,000925SZ,7.72,7.63,7.77,7.55,63870,48872122.8,2.8,-2.8,-0.22,1.17
4875,2022-09-15,000925SZ,7.69,7.39,7.72,7.25,74134,55102058.36,6.16,-3.15,-0.24,1.36
4876,2022-09-16,000925SZ,7.35,7.26,7.41,7.22,46179,33742734.0,2.57,-1.76,-0.13,0.84
4877,2022-09-19,000925SZ,7.26,7.14,7.29,7.06,40874,29232046.91,3.17,-1.65,-0.12,0.75
4878,2022-09-20,000925SZ,7.17,7.23,7.29,7.17,27580,19905580.87,1.68,1.26,0.09,0.5
4879,2022-09-21,000925SZ,7.21,7.26,7.29,7.1,28845,20800692.94,2.63,0.41,0.03,0.53
4880,2022-09-22,000925SZ,7.21,7.15,7.3,7.13,32798,23664362.4,2.34,-1.52,-0.11,0.6
4881,2022-09-23,000925SZ,7.15,6.97,7.17,6.94,42804,30097104.91,3.22,-2.52,-0.18,0.78
4882,2022-09-26,000925SZ,6.97,6.86,7.0,6.86,32413,22453848.0,2.01,-1.58,-0.11,0.59
4883,2022-09-27,000925SZ,6.9,7.05,7.05,6.9,41635,29041954.0,2.19,2.77,0.19,0.76
4884,2022-09-28,000925SZ,7.06,6.85,7.06,6.85,38920,26972952.4,2.98,-2.84,-0.2,0.71
4885,2022-09-29,000925SZ,6.95,6.89,7.01,6.86,31157,21588566.8,2.19,0.58,0.04,0.57
4886,2022-09-30,000925SZ,6.86,6.86,6.95,6.84,20756,14308363.0,1.6,-0.44,-0.03,0.38
4887,2022-10-10,000925SZ,6.88,6.74,6.9,6.67,38269,25897462.07,3.35,-1.75,-0.12,0.7
4888,2022-10-11,000925SZ,6.77,6.82,6.87,6.67,33317,22639955.41,2.97,1.19,0.08,0.61
4889,2022-10-12,000925SZ,6.76,7.06,7.06,6.76,43535,30184655.8,4.4,3.52,0.24,0.8
4890,2022-10-13,000925SZ,7.08,7.09,7.16,7.02,41174,29263347.0,1.98,0.42,0.03,0.75
4891,2022-10-14,000925SZ,7.16,7.17,7.22,7.12,48384,34714908.19,1.41,1.13,0.08,0.88
4892,2022-10-17,000925SZ,7.13,7.27,7.27,7.12,42494,30741606.17,2.09,1.39,0.1,0.78
4893,2022-10-18,000925SZ,7.25,7.24,7.29,7.17,45314,32775777.8,1.65,-0.41,-0.03,0.83
4894,2022-10-19,000925SZ,7.23,7.19,7.26,7.15,31022,22368727.44,1.52,-0.69,-0.05,0.57
4895,2022-10-20,000925SZ,7.19,7.24,7.33,7.1,56636,40929954.6,3.2,0.7,0.05,1.04
4896,2022-10-21,000925SZ,7.24,7.28,7.34,7.18,34839,25311170.25,2.21,0.55,0.04,0.64
4897,2022-10-24,000925SZ,7.25,7.19,7.37,7.13,53457,38824318.33,3.3,-1.24,-0.09,0.98
4898,2022-10-25,000925SZ,7.13,7.38,7.45,7.09,86657,63089019.94,5.01,2.64,0.19,1.58
4899,2022-10-26,000925SZ,7.6,7.49,7.8,7.43,130242,98626014.48,5.01,1.49,0.11,2.38
4900,2022-10-27,000925SZ,7.43,7.29,7.54,7.27,89131,65830547.2,3.6,-2.67,-0.2,1.63
4901,2022-10-28,000925SZ,7.09,6.88,7.09,6.86,115398,80102688.57,3.16,-5.62,-0.41,2.11
4902,2022-10-31,000925SZ,6.91,7.24,7.42,6.91,107839,77995332.73,7.41,5.23,0.36,1.97
4903,2022-11-01,000925SZ,7.21,7.36,7.45,7.21,75473,55332890.01,3.31,1.66,0.12,1.38
4904,2022-11-02,000925SZ,7.57,7.36,7.66,7.35,89406,66626531.46,4.21,0.0,0.0,1.63
4905,2022-11-03,000925SZ,7.31,7.49,7.5,7.28,85674,63420926.98,2.99,1.77,0.13,1.57
4906,2022-11-04,000925SZ,7.5,7.52,7.55,7.42,77349,58070515.5,1.74,0.4,0.03,1.41
4907,2022-11-07,000925SZ,7.48,7.73,7.74,7.48,121648,92822545.26,3.46,2.79,0.21,2.22
4908,2022-11-08,000925SZ,7.74,7.92,8.05,7.62,217918,171286611.18,5.56,2.46,0.19,3.98
4909,2022-11-09,000925SZ,7.81,7.76,7.83,7.69,119375,92307907.63,1.77,-2.02,-0.16,2.18
4910,2022-11-10,000925SZ,7.67,7.63,7.72,7.58,81973,62558794.28,1.8,-1.68,-0.13,1.5
4911,2022-11-11,000925SZ,7.73,7.64,7.83,7.61,102238,79006821.43,2.88,0.13,0.01,1.87
4912,2022-11-14,000925SZ,7.59,7.54,7.68,7.46,91446,69134009.03,2.88,-1.31,-0.1,1.67
4913,2022-11-15,000925SZ,7.54,7.66,7.68,7.5,82209,62607583.43,2.39,1.59,0.12,1.5
4914,2022-11-16,000925SZ,7.67,7.57,7.74,7.55,71031,54162394.0,2.48,-1.17,-0.09,1.3
4915,2022-11-17,000925SZ,7.57,7.74,7.74,7.48,81721,62507537.19,3.43,2.25,0.17,1.49
4916,2022-11-18,000925SZ,7.72,7.7,7.88,7.67,111149,86540986.32,2.71,-0.52,-0.04,2.03
4917,2022-11-21,000925SZ,7.69,7.65,7.75,7.56,62936,48036361.14,2.47,-0.65,-0.05,1.15
4918,2022-11-22,000925SZ,7.6,7.48,7.68,7.46,61550,46620893.0,2.88,-2.22,-0.17,1.13
4919,2022-11-23,000925SZ,7.48,7.47,7.54,7.33,62688,46490942.0,2.81,-0.13,-0.01,1.15
4920,2022-11-24,000925SZ,7.48,7.4,7.52,7.38,49795,37060363.27,1.87,-0.94,-0.07,0.91
4921,2022-11-25,000925SZ,7.4,7.34,7.42,7.29,42825,31437349.2,1.76,-0.81,-0.06,0.78
4922,2022-11-28,000925SZ,7.25,7.34,7.41,7.2,37603,27557077.17,2.86,0.0,0.0,0.69
4923,2022-11-29,000925SZ,7.34,7.42,7.45,7.34,42986,31833135.33,1.5,1.09,0.08,0.79
4924,2022-11-30,000925SZ,7.41,7.39,7.44,7.36,36940,27312321.56,1.08,-0.4,-0.03,0.68
4925,2022-12-01,000925SZ,7.44,7.42,7.49,7.4,40871,30432510.4,1.22,0.41,0.03,0.75
4926,2022-12-02,000925SZ,7.39,7.49,7.56,7.36,59503,44600086.41,2.7,0.94,0.07,1.09
4927,2022-12-05,000925SZ,7.54,7.53,7.57,7.48,46938,35275759.72,1.2,0.53,0.04,0.86
4928,2022-12-06,000925SZ,7.48,7.42,7.52,7.4,51890,38642923.2,1.59,-1.46,-0.11,0.95
4929,2022-12-07,000925SZ,7.39,7.38,7.43,7.36,37882,27987050.59,0.94,-0.54,-0.04,0.69
4930,2022-12-08,000925SZ,7.36,7.31,7.39,7.28,35856,26250560.64,1.49,-0.95,-0.07,0.66
4931,2022-12-09,000925SZ,7.28,7.13,7.34,7.05,70094,50340581.66,3.97,-2.46,-0.18,1.28
4932,2022-12-12,000925SZ,7.08,7.01,7.13,6.99,77827,54719432.2,1.96,-1.68,-0.12,1.42
4933,2022-12-13,000925SZ,7.05,6.95,7.05,6.94,43968,30762128.0,1.57,-0.86,-0.06,0.8
4934,2022-12-14,000925SZ,7.02,6.99,7.21,6.98,56538,39926502.0,3.31,0.58,0.04,1.03
4935,2022-12-15,000925SZ,6.95,7.17,7.27,6.95,80393,57627936.01,4.58,2.58,0.18,1.47
4936,2022-12-16,000925SZ,7.11,7.0,7.15,6.99,49958,35221499.0,2.23,-2.37,-0.17,0.91
4937,2022-12-19,000925SZ,7.0,6.82,7.02,6.75,51235,35183874.0,3.86,-2.57,-0.18,0.94
4938,2022-12-20,000925SZ,6.86,6.93,6.95,6.79,31293,21525100.0,2.35,1.61,0.11,0.57
4939,2022-12-21,000925SZ,6.97,6.78,6.97,6.72,36469,24798850.06,3.61,-2.16,-0.15,0.67
4940,2022-12-22,000925SZ,6.8,6.67,6.84,6.66,38035,25690721.1,2.65,-1.62,-0.11,0.7
4941,2022-12-23,000925SZ,6.68,6.71,6.74,6.6,28296,18908700.46,2.1,0.6,0.04,0.52
4942,2022-12-26,000925SZ,6.71,6.8,6.81,6.65,21346,14452504.4,2.38,1.34,0.09,0.39
4943,2022-12-27,000925SZ,6.84,6.83,6.89,6.78,22860,15600634.0,1.62,0.44,0.03,0.42
4944,2022-12-28,000925SZ,6.83,6.74,6.83,6.71,20903,14098092.72,1.76,-1.32,-0.09,0.38
4945,2022-12-29,000925SZ,6.82,6.69,6.82,6.68,19992,13446458.72,2.08,-0.74,-0.05,0.37
4946,2022-12-30,000925SZ,6.69,6.82,6.94,6.69,31767,21634655.32,3.74,1.94,0.13,0.58
4947,2023-01-03,000925SZ,6.82,7.1,7.19,6.8,69943,48910384.9,5.72,4.11,0.28,1.28
4948,2023-01-04,000925SZ,7.11,7.11,7.19,7.05,56223,40036529.83,1.97,0.14,0.01,1.03
4949,2023-01-05,000925SZ,7.13,7.09,7.13,7.05,34916,24702856.0,1.13,-0.28,-0.02,0.64
4950,2023-01-06,000925SZ,7.09,7.1,7.18,7.04,53093,37752536.62,1.97,0.14,0.01,0.97
4951,2023-01-09,000925SZ,7.15,7.08,7.15,7.06,39335,27916971.0,1.27,-0.28,-0.02,0.72
4952,2023-01-10,000925SZ,7.08,7.04,7.1,7.01,24648,17370792.0,1.27,-0.56,-0.04,0.45
4953,2023-01-11,000925SZ,7.1,7.01,7.13,7.0,34879,24653338.5,1.85,-0.43,-0.03,0.64
4954,2023-01-12,000925SZ,7.01,7.05,7.12,7.0,27905,19710213.0,1.71,0.57,0.04,0.51
4955,2023-01-13,000925SZ,7.05,7.03,7.09,7.0,23115,16268349.0,1.28,-0.28,-0.02,0.42
4956,2023-01-16,000925SZ,7.09,7.08,7.11,7.03,41175,29170068.6,1.14,0.71,0.05,0.75
4957,2023-01-17,000925SZ,7.1,7.79,7.79,7.08,135114,102124908.92,10.03,10.03,0.71,2.47
4958,2023-01-18,000925SZ,8.16,8.11,8.57,7.55,816825,671278777.71,13.09,4.11,0.32,14.96
4959,2023-01-19,000925SZ,7.69,7.41,7.73,7.3,568676,426449794.41,5.3,-8.63,-0.7,10.41
4960,2023-01-20,000925SZ,7.51,7.45,7.7,7.43,272856,205038162.08,3.64,0.54,0.04,5.0
4961,2023-01-30,000925SZ,7.61,7.67,7.76,7.52,294271,224910410.18,3.22,2.95,0.22,5.39
4962,2023-01-31,000925SZ,7.6,7.67,7.67,7.51,199666,151911423.8,2.09,0.0,0.0,3.65
4963,2023-02-01,000925SZ,7.63,7.82,7.82,7.62,227902,176593349.12,2.61,1.96,0.15,4.17
4964,2023-02-02,000925SZ,7.8,8.09,8.14,7.73,360530,287359428.11,5.24,3.45,0.27,6.6
4965,2023-02-03,000925SZ,8.0,7.98,8.01,7.84,217301,171993071.1,2.1,-1.36,-0.11,3.98
4966,2023-02-06,000925SZ,7.91,7.91,8.05,7.88,117633,93324871.4,2.13,-0.88,-0.07,2.15
4967,2023-02-07,000925SZ,7.88,7.92,7.92,7.78,124499,97711555.82,1.77,0.13,0.01,2.28
4968,2023-02-08,000925SZ,7.9,7.71,7.9,7.7,147562,114468545.0,2.53,-2.65,-0.21,2.7
4969,2023-02-09,000925SZ,7.73,7.89,7.91,7.67,130369,101937549.03,3.11,2.33,0.18,2.39
4970,2023-02-10,000925SZ,7.86,8.06,8.4,7.83,300970,244453451.88,7.22,2.15,0.17,5.51
4971,2023-02-13,000925SZ,8.22,8.87,8.87,8.1,365959,315621504.25,9.55,10.05,0.81,6.7
4972,2023-02-14,000925SZ,9.21,9.0,9.76,8.9,1451870,1372481286.43,9.7,1.47,0.13,26.57
4973,2023-02-15,000925SZ,8.8,8.96,9.07,8.61,887371,782958398.36,5.11,-0.44,-0.04,16.24
4974,2023-02-16,000925SZ,8.78,8.4,8.9,8.33,658685,568943142.28,6.36,-6.25,-0.56,12.05
4975,2023-02-17,000925SZ,8.39,8.49,8.53,8.31,345350,291018658.36,2.62,1.07,0.09,6.32
4976,2023-02-20,000925SZ,8.5,8.62,8.64,8.31,290544,247727666.73,3.89,1.53,0.13,5.32
4977,2023-02-21,000925SZ,8.55,8.46,8.68,8.36,279788,237704207.04,3.71,-1.86,-0.16,5.12
4978,2023-02-22,000925SZ,8.44,8.33,8.45,8.28,210981,175618831.45,2.01,-1.54,-0.13,3.86
4979,2023-02-23,000925SZ,8.38,8.24,8.46,8.2,169923,140895299.44,3.12,-1.08,-0.09,3.11
4980,2023-02-24,000925SZ,8.24,8.32,8.34,8.22,151297,125506526.2,1.46,0.97,0.08,2.77
4981,2023-02-27,000925SZ,8.8,9.15,9.15,8.72,370069,334643817.62,5.17,9.98,0.83,6.77
4982,2023-02-28,000925SZ,10.07,10.07,10.07,10.07,178415,179663703.6,0.0,10.05,0.92,3.26
4983,2023-03-01,000925SZ,11.08,10.44,11.08,10.33,2343461,2543601368.95,7.45,3.67,0.37,42.88
4984,2023-03-02,000925SZ,10.5,9.98,10.74,9.88,1852145,1886660625.53,8.24,-4.41,-0.46,33.89
4985,2023-03-03,000925SZ,9.66,9.26,9.72,9.22,1317989,1243636801.33,5.01,-7.21,-0.72,24.12
4986,2023-03-06,000925SZ,9.23,9.35,9.35,9.16,643856,596569629.88,2.05,0.97,0.09,11.78
4987,2023-03-07,000925SZ,9.3,9.03,9.35,9.03,565411,518581179.38,3.42,-3.42,-0.32,10.35
4988,2023-03-08,000925SZ,9.17,9.16,9.24,9.08,432725,396032852.66,1.77,1.44,0.13,7.92
4989,2023-03-09,000925SZ,9.16,9.23,9.23,9.03,434825,397836267.44,2.18,0.76,0.07,7.96
4990,2023-03-10,000925SZ,9.12,9.34,9.47,9.07,642045,597687149.86,4.33,1.19,0.11,11.75
4991,2023-03-13,000925SZ,9.24,9.45,9.54,9.11,552740,513982181.54,4.6,1.18,0.11,10.11
4992,2023-03-14,000925SZ,9.7,9.33,9.81,9.32,705375,673416077.29,5.19,-1.27,-0.12,12.91
4993,2023-03-15,000925SZ,9.29,9.12,9.39,9.11,429906,395062964.49,3.0,-2.25,-0.21,7.87
4994,2023-03-16,000925SZ,8.97,8.64,8.97,8.64,538639,470807175.49,3.62,-5.26,-0.48,9.86
4995,2023-03-17,000925SZ,8.72,8.9,9.08,8.69,460714,409097589.8,4.51,3.01,0.26,8.43
4996,2023-03-20,000925SZ,8.97,8.66,9.0,8.65,324968,284603417.16,3.93,-2.7,-0.24,5.95
4997,2023-03-21,000925SZ,8.72,8.71,8.75,8.56,212159,184129647.94,2.19,0.58,0.05,3.88
4998,2023-03-22,000925SZ,8.63,8.95,9.02,8.6,366172,324192964.06,4.82,2.76,0.24,6.7
4999,2023-03-23,000925SZ,8.88,9.13,9.25,8.84,456089,414365476.24,4.58,2.01,0.18,8.35
5000,2023-03-24,000925SZ,9.08,9.16,9.23,9.01,347197,316513537.33,2.41,0.33,0.03,6.35
5001,2023-03-27,000925SZ,9.09,9.02,9.16,8.93,248711,225038539.2,2.51,-1.53,-0.14,4.55
5002,2023-03-28,000925SZ,9.05,8.81,9.06,8.8,207365,184564694.12,2.88,-2.33,-0.21,3.79
5003,2023-03-29,000925SZ,8.84,8.83,8.98,8.79,182476,162067981.6,2.16,0.23,0.02,3.34
5004,2023-03-30,000925SZ,8.89,8.69,8.96,8.68,165605,145389114.6,3.17,-1.59,-0.14,3.03
5005,2023-03-31,000925SZ,8.66,8.78,8.79,8.55,172354,149822932.38,2.76,1.04,0.09,3.14
5006,2023-04-03,000925SZ,8.77,8.98,9.04,8.75,229615,205342183.0,3.3,2.28,0.2,4.19
5007,2023-04-04,000925SZ,9.06,8.93,9.2,8.83,329366,297108361.8,4.12,-0.56,-0.05,6.01
5008,2023-04-06,000925SZ,8.83,8.74,8.87,8.68,200637,176134927.6,2.13,-2.13,-0.19,3.66
5009,2023-04-07,000925SZ,8.74,8.86,8.9,8.67,151369,133141074.2,2.63,1.37,0.12,2.76
5010,2023-04-10,000925SZ,8.88,8.54,8.98,8.5,214981,186827667.2,5.42,-3.61,-0.32,3.92
5011,2023-04-11,000925SZ,8.51,8.62,8.74,8.43,156138,134534703.96,3.63,0.94,0.08,2.85
5012,2023-04-12,000925SZ,8.83,8.92,8.94,8.76,267847,237651187.95,2.09,3.48,0.3,4.88
5013,2023-04-13,000925SZ,8.84,8.57,8.9,8.56,227029,197283867.2,3.81,-3.92,-0.35,4.14
5014,2023-04-14,000925SZ,8.61,8.64,8.67,8.42,153506,131354424.0,2.92,0.82,0.07,2.8
5015,2023-04-17,000925SZ,8.59,8.4,8.59,8.37,153702,129771849.4,2.55,-2.78,-0.24,2.8
5016,2023-04-18,000925SZ,8.4,8.29,8.42,8.21,130639,108283321.0,2.5,-1.31,-0.11,2.38
5017,2023-04-19,000925SZ,8.26,8.25,8.38,8.23,109240,90707222.15,1.81,-0.48,-0.04,1.99
5018,2023-04-20,000925SZ,8.21,8.3,8.33,8.2,101458,83804162.4,1.58,0.61,0.05,1.85
5019,2023-04-21,000925SZ,8.26,7.88,8.28,7.88,199839,160695238.56,4.82,-5.06,-0.42,3.64
5020,2023-04-24,000925SZ,7.89,7.89,8.02,7.85,95547,75671114.6,2.16,0.13,0.01,1.74
5021,2023-04-25,000925SZ,7.86,7.63,7.89,7.5,146251,111980904.2,4.94,-3.3,-0.26,2.67
5022,2023-04-26,000925SZ,7.59,7.64,7.79,7.53,113493,87051029.8,3.41,0.13,0.01,2.07
5023,2023-04-27,000925SZ,7.57,7.61,7.71,7.55,89582,68477863.0,2.09,-0.39,-0.03,1.63
5024,2023-04-28,000925SZ,7.83,7.88,7.94,7.72,166082,130195330.0,2.89,3.55,0.27,3.03
5025,2023-05-04,000925SZ,7.59,7.63,7.71,7.48,204128,154854305.92,2.92,-3.17,-0.25,3.72
5026,2023-05-05,000925SZ,7.62,7.65,7.77,7.45,183903,140048845.84,4.19,0.26,0.02,3.35
5027,2023-05-08,000925SZ,7.65,7.85,7.94,7.64,158433,124122002.0,3.92,2.61,0.2,2.89
5028,2023-05-09,000925SZ,7.82,7.6,7.82,7.6,138144,106409295.4,2.8,-3.18,-0.25,2.52
5029,2023-05-10,000925SZ,7.6,7.61,7.76,7.53,92857,70967981.6,3.03,0.13,0.01,1.69
5030,2023-05-11,000925SZ,7.66,7.81,7.82,7.6,113156,87356924.8,2.89,2.63,0.2,2.06
5031,2023-05-12,000925SZ,7.79,7.48,7.79,7.48,128704,97846248.4,3.97,-4.23,-0.33,2.35
5032,2023-05-15,000925SZ,7.48,7.48,7.49,7.33,93701,69375586.58,2.14,0.0,0.0,1.71
5033,2023-05-16,000925SZ,7.86,7.58,8.0,7.49,251703,193668466.0,6.82,1.34,0.1,4.59
5034,2023-05-17,000925SZ,7.5,7.65,7.68,7.35,127793,96388352.68,4.35,0.92,0.07,2.33
5035,2023-05-18,000925SZ,7.67,7.69,7.78,7.63,130597,100738423.69,1.96,0.52,0.04,2.38
5036,2023-05-19,000925SZ,7.69,7.64,7.75,7.6,82375,63083546.68,1.95,-0.65,-0.05,1.5
5037,2023-05-22,000925SZ,7.64,7.74,7.92,7.58,154231,119359737.98,4.45,1.31,0.1,2.81
5038,2023-05-23,000925SZ,7.74,7.55,7.75,7.55,103220,78796782.8,2.58,-2.45,-0.19,1.88
5039,2023-05-24,000925SZ,7.54,7.74,7.83,7.51,148641,114682638.44,4.24,2.52,0.19,2.71
5040,2023-05-25,000925SZ,7.73,7.84,7.87,7.56,174011,134404532.87,4.01,1.29,0.1,3.17
5041,2023-05-26,000925SZ,7.78,7.92,7.96,7.73,146175,114722814.46,2.93,1.02,0.08,2.67
5042,2023-05-29,000925SZ,7.92,7.86,8.0,7.85,137301,108787896.55,1.89,-0.76,-0.06,2.5
5043,2023-05-30,000925SZ,7.88,8.18,8.24,7.79,327228,265501445.68,5.73,4.07,0.32,5.97
5044,2023-05-31,000925SZ,8.12,8.1,8.22,8.06,189184,153592132.64,1.96,-0.98,-0.08,3.45
5045,2023-06-01,000925SZ,8.11,8.09,8.14,8.02,135870,109872227.2,1.48,-0.12,-0.01,2.48
5046,2023-06-02,000925SZ,8.1,8.1,8.26,8.08,145510,118660160.44,2.22,0.12,0.01,2.65
5047,2023-06-05,000925SZ,8.06,8.17,8.24,8.06,116497,95252514.28,2.22,0.86,0.07,2.12
5048,2023-06-06,000925SZ,8.24,8.15,8.49,8.11,271044,224234367.4,4.65,-0.24,-0.02,4.94
5049,2023-06-07,000925SZ,8.15,8.3,8.36,8.08,215862,178108886.9,3.44,1.84,0.15,3.94
5050,2023-06-08,000925SZ,8.4,8.41,8.59,8.33,301034,254267486.41,3.13,1.33,0.11,5.49
5051,2023-06-09,000925SZ,8.28,8.24,8.34,8.16,207726,171060185.4,2.14,-2.02,-0.17,3.79
5052,2023-06-12,000925SZ,8.18,8.2,8.27,8.1,151789,123996654.08,2.06,-0.49,-0.04,2.77
5053,2023-06-13,000925SZ,8.42,8.34,8.52,8.27,217462,181898399.22,3.05,1.71,0.14,3.97
5054,2023-06-14,000925SZ,8.26,8.17,8.34,8.16,170609,140434196.32,2.16,-2.04,-0.17,3.11
5055,2023-06-15,000925SZ,8.15,8.19,8.33,8.12,140104,114950495.24,2.57,0.24,0.02,2.55
5056,2023-06-16,000925SZ,8.27,8.28,8.34,8.19,145425,120416655.6,1.83,1.1,0.09,2.65
5057,2023-06-19,000925SZ,8.23,8.44,8.57,8.22,236188,198777943.28,4.23,1.93,0.16,4.31
5058,2023-06-20,000925SZ,8.38,8.26,8.44,8.25,147828,122729694.6,2.25,-2.13,-0.18,2.7
5059,2023-06-21,000925SZ,8.27,8.07,8.33,8.06,137285,111879093.0,3.27,-2.3,-0.19,2.5
5060,2023-06-26,000925SZ,8.0,7.83,8.18,7.8,142738,113580528.83,4.71,-2.97,-0.24,2.6
5061,2023-06-27,000925SZ,7.84,8.1,8.14,7.84,121810,97690258.0,3.83,3.45,0.27,2.22
5062,2023-06-28,000925SZ,8.1,8.03,8.12,7.77,123015,97464951.69,4.32,-0.86,-0.07,2.24
5063,2023-06-29,000925SZ,8.0,8.3,8.35,7.98,183773,151550497.61,4.61,3.36,0.27,3.35
5064,2023-06-30,000925SZ,8.3,8.29,8.34,8.18,114090,94272550.6,1.93,-0.12,-0.01,2.08
5065,2023-07-03,000925SZ,8.29,8.34,8.37,8.22,130708,108477161.0,1.81,0.6,0.05,2.38
5066,2023-07-04,000925SZ,8.3,8.39,8.45,8.28,128322,107414985.0,2.04,0.6,0.05,2.34
5067,2023-07-05,000925SZ,8.4,8.33,8.55,8.32,167911,141874332.75,2.74,-0.72,-0.06,3.06
5068,2023-07-06,000925SZ,8.34,8.28,8.44,8.26,97662,81455854.6,2.16,-0.6,-0.05,1.78
5069,2023-07-07,000925SZ,8.24,8.16,8.3,8.16,90407,74169967.4,1.69,-1.45,-0.12,1.65
5070,2023-07-10,000925SZ,8.16,8.09,8.2,8.05,90639,73554868.33,1.84,-0.86,-0.07,1.65
5071,2023-07-11,000925SZ,8.08,8.3,8.34,8.08,114950,94864710.8,3.21,2.6,0.21,2.1
5072,2023-07-12,000925SZ,8.26,8.03,8.34,8.02,133636,108789451.0,3.86,-3.25,-0.27,2.44
5073,2023-07-13,000925SZ,8.02,8.03,8.07,7.96,80367,64474187.6,1.37,0.0,0.0,1.47
5074,2023-07-14,000925SZ,8.04,8.15,8.2,8.02,86816,70683784.0,2.24,1.49,0.12,1.58
5075,2023-07-17,000925SZ,8.01,8.02,8.08,7.85,89011,71010197.69,2.82,-1.6,-0.13,1.62
5076,2023-07-18,000925SZ,8.02,7.91,8.07,7.9,66967,53292819.08,2.12,-1.37,-0.11,1.22
5077,2023-07-19,000925SZ,7.91,7.89,7.99,7.85,49104,38835392.0,1.77,-0.25,-0.02,0.9
5078,2023-07-20,000925SZ,7.92,7.71,7.93,7.68,100798,78564986.0,3.17,-2.28,-0.18,1.84
5079,2023-07-21,000925SZ,7.7,7.61,7.76,7.6,70514,54104460.0,2.08,-1.3,-0.1,1.29
5080,2023-07-24,000925SZ,7.59,7.68,7.8,7.57,59429,45760972.6,3.02,0.92,0.07,1.08
5081,2023-07-25,000925SZ,7.71,7.84,7.88,7.7,77451,60442648.0,2.34,2.08,0.16,1.41
5082,2023-07-26,000925SZ,7.85,7.69,7.87,7.67,68898,53263157.0,2.55,-1.91,-0.15,1.26
5083,2023-07-27,000925SZ,7.7,7.67,7.83,7.67,56939,44046066.0,2.08,-0.26,-0.02,1.04
5084,2023-07-28,000925SZ,7.8,8.1,8.4,7.75,281400,228377292.2,8.47,5.61,0.43,5.13
5085,2023-07-31,000925SZ,8.06,7.99,8.08,7.96,134340,107654325.12,1.48,-1.36,-0.11,2.45
5086,2023-08-01,000925SZ,7.99,7.93,8.02,7.86,89787,71018138.54,2.0,-0.75,-0.06,1.64
5087,2023-08-02,000925SZ,7.9,8.2,8.25,7.86,193695,156797267.56,4.92,3.4,0.27,3.53
5088,2023-08-03,000925SZ,8.11,8.05,8.11,7.95,133045,106825086.75,1.95,-1.83,-0.15,2.43
5089,2023-08-04,000925SZ,8.05,8.07,8.18,8.05,109318,88606621.2,1.61,0.25,0.02,1.99
5090,2023-08-07,000925SZ,8.07,8.09,8.19,7.98,104310,84238814.2,2.6,0.25,0.02,1.9
5091,2023-08-08,000925SZ,8.09,7.97,8.14,7.96,87237,70165772.0,2.22,-1.48,-0.12,1.59
5092,2023-08-09,000925SZ,7.99,7.81,8.03,7.79,86206,67901860.03,3.01,-2.01,-0.16,1.57
5093,2023-08-10,000925SZ,7.82,7.78,7.83,7.7,59787,46456770.4,1.66,-0.38,-0.03,1.09
5094,2023-08-11,000925SZ,7.81,7.64,7.82,7.62,61154,46992012.24,2.57,-1.8,-0.14,1.12
5095,2023-08-14,000925SZ,7.64,7.77,7.81,7.6,64998,50272675.86,2.75,1.7,0.13,1.19
5096,2023-08-15,000925SZ,7.77,7.68,7.79,7.64,43017,33108652.35,1.93,-1.16,-0.09,0.78
5097,2023-08-16,000925SZ,7.72,7.72,7.84,7.71,52012,40413883.8,1.69,0.52,0.04,0.95
